2997.136	0.019137
2995.207	0.019850
2993.278	0.020612
2991.350	0.021527
2989.421	0.022752
2987.492	0.024313
2985.564	0.026137
2983.635	0.028208
2981.706	0.030641
2979.778	0.033625
2977.849	0.037300
2975.920	0.041754
2973.992	0.047115
2972.063	0.053509
2970.135	0.060906
2968.206	0.069074
2966.277	0.077575
2964.349	0.085721
2962.420	0.092691
2960.491	0.097944
2958.563	0.101494
2956.634	0.103881
2954.705	0.106063
2952.777	0.109302
2950.848	0.114976
2948.919	0.124394
2946.991	0.138599
2945.062	0.158256
2943.133	0.183723
2941.205	0.215222
2939.276	0.252983
2937.347	0.297370
2935.419	0.348914
2933.490	0.408386
2931.561	0.477014
2929.633	0.556680
2927.704	0.650037
2925.775	0.760548
2923.847	0.892066
2921.918	1.047338
2919.989	1.224785
2918.061	1.411172
2916.132	1.569113
2914.203	1.637860
2912.275	1.579942
2910.346	1.428633
2908.417	1.252240
2906.489	1.096188
2904.560	0.973534
2902.631	0.880343
2900.703	0.808249
2898.774	0.749640
2896.845	0.698735
2894.917	0.651615
2892.988	0.606140
2891.059	0.561532
2889.131	0.517841
2887.202	0.475615
2885.274	0.435642
2883.345	0.398649
2881.416	0.365141
2879.488	0.335481
2877.559	0.309968
2875.630	0.288808
2873.702	0.272085
2871.773	0.259955
2869.844	0.253149
2867.916	0.253271
2865.987	0.262580
2864.058	0.283856
2862.130	0.320727
2860.201	0.378141
2858.272	0.463013
2856.344	0.585618
2854.415	0.759876
2852.486	0.991973
2850.558	1.242603
2848.629	1.388889
2846.700	1.316857
2844.772	1.089165
2842.843	0.845015
2840.914	0.651595
2838.986	0.514430
2837.057	0.419743
2835.128	0.353529
2833.200	0.305828
2831.271	0.270246
2829.342	0.242744
2827.414	0.220833
2825.485	0.202968
2823.556	0.188095
2821.628	0.175479
2819.699	0.164630
2817.770	0.155226
2815.842	0.147029
2813.913	0.139792
2811.984	0.133269
2810.056	0.127306
2808.127	0.121866
2806.199	0.116927
2804.270	0.112403
2802.341	0.108187
2800.413	0.104229
2798.484	0.100524
2796.555	0.097074
2794.627	0.093831
2792.698	0.090689
2790.769	0.087595
2788.841	0.084578
2786.912	0.081689
2784.983	0.078971
2783.055	0.076452
2781.126	0.074141
2779.197	0.072033
2777.269	0.070075
2775.340	0.068181
2773.411	0.066330
2771.483	0.064596
2769.554	0.063046
2767.625	0.061681
2765.697	0.060502
2763.768	0.059531
2761.839	0.058680
2759.911	0.057759
2757.982	0.056707
2756.053	0.055682
2754.125	0.054890
2752.196	0.054344
2750.267	0.053856
2748.339	0.053316
2746.410	0.052835
2744.481	0.052513
2742.553	0.052255
2740.624	0.051948
2738.695	0.051592
2736.767	0.051195
2734.838	0.050708
2732.909	0.050136
2730.981	0.049551
2729.052	0.048986
2727.123	0.048406
2725.195	0.047783
2723.266	0.047130
2721.338	0.046471
2719.409	0.045825
2717.480	0.045215
2715.552	0.044646
2713.623	0.044112
2711.694	0.043633
2709.766	0.043233
2707.837	0.042892
2705.908	0.042553
2703.980	0.042160
2702.051	0.041720
2700.122	0.041311
2698.194	0.041002
2696.265	0.040790
2694.336	0.040652
2692.408	0.040584
2690.479	0.040565
2688.550	0.040543
2686.622	0.040454
2684.693	0.040298
2682.764	0.040143
2680.836	0.040048
2678.907	0.040039
2676.978	0.040117
2675.050	0.040239
2673.121	0.040346
2671.192	0.040406
2669.264	0.040430
2667.335	0.040462
2665.406	0.040526
2663.478	0.040576
2661.549	0.040520
2659.620	0.040310
2657.692	0.040012
2655.763	0.039730
2653.834	0.039461
2651.906	0.039112
2649.977	0.038690
2648.048	0.038325
2646.120	0.038095
2644.191	0.037988
2642.263	0.037991
2640.334	0.038044
2638.405	0.038001
2636.477	0.037801
2634.548	0.037525
2632.619	0.037188
2630.691	0.036689
2628.762	0.036017
2626.833	0.035292
2624.905	0.034572
2622.976	0.033817
2621.047	0.033072
2619.119	0.032455
2617.190	0.031932
2615.261	0.031373
2613.333	0.030774
2611.404	0.030195
2609.475	0.029650
2607.547	0.029168
2605.618	0.028773
2603.689	0.028398
2601.761	0.027969
2599.832	0.027498
2597.903	0.027052
2595.975	0.026686
2594.046	0.026397
2592.117	0.026097
2590.189	0.025704
2588.260	0.025241
2586.331	0.024803
2584.403	0.024483
2582.474	0.024279
2580.545	0.024036
2578.617	0.023656
2576.688	0.023285
2574.759	0.023068
2572.831	0.022899
2570.902	0.022622
2568.973	0.022264
2567.045	0.021904
2565.116	0.021567
2563.188	0.021279
2561.259	0.021082
2559.330	0.020938
2557.402	0.020702
2555.473	0.020318
2553.544	0.019977
2551.616	0.019882
2549.687	0.019923
2547.758	0.019833
2545.830	0.019588
2543.901	0.019336
2541.972	0.019085
2540.044	0.018787
2538.115	0.018560
2536.186	0.018553
2534.258	0.018708
2532.329	0.018827
2530.400	0.018806
2528.472	0.018679
2526.543	0.018521
2524.614	0.018420
2522.686	0.018413
2520.757	0.018363
2518.828	0.018145
2516.900	0.017920
2514.971	0.017908
2513.042	0.018019
2511.114	0.018014
2509.185	0.017827
2507.256	0.017568
2505.328	0.017347
2503.399	0.017149
2501.470	0.016923
2499.542	0.016718
2497.613	0.016590
2495.684	0.016470
2493.756	0.016284
2491.827	0.016092
2489.898	0.015987
2487.970	0.015960
2486.041	0.015894
2484.112	0.015687
2482.184	0.015403
2480.255	0.015213
2478.327	0.015151
2476.398	0.015085
2474.469	0.014901
2472.541	0.014646
2470.612	0.014481
2468.683	0.014465
2466.755	0.014414
2464.826	0.014147
2462.897	0.013792
2460.969	0.013641
2459.040	0.013787
2457.111	0.014058
2455.183	0.014201
2453.254	0.014111
2451.325	0.013879
2449.397	0.013662
2447.468	0.013540
2445.539	0.013513
2443.611	0.013542
2441.682	0.013548
2439.753	0.013472
2437.825	0.013395
2435.896	0.013414
2433.967	0.013461
2432.039	0.013456
2430.110	0.013435
2428.181	0.013377
2426.253	0.013190
2424.324	0.012947
2422.395	0.012871
2420.467	0.013036
2418.538	0.013286
2416.609	0.013463
2414.681	0.013570
2412.752	0.013628
2410.823	0.013568
2408.895	0.013378
2406.966	0.013174
2405.037	0.013071
2403.109	0.013055
2401.180	0.013018
2399.252	0.012876
2397.323	0.012668
2395.394	0.012517
2393.466	0.012466
2391.537	0.012426
2389.608	0.012264
2387.680	0.011783
2385.751	0.010604
2383.822	0.008247
2381.894	0.004444
2379.965	-0.000734
2378.036	-0.006902
2376.108	-0.013441
2374.179	-0.019809
2372.250	-0.025899
2370.322	-0.031828
2368.393	-0.037477
2366.464	-0.042526
2364.536	-0.046576
2362.607	-0.049151
2360.678	-0.049856
2358.750	-0.048427
2356.821	-0.044665
2354.892	-0.038392
2352.964	-0.030254
2351.035	-0.022938
2349.106	-0.019646
2347.178	-0.021451
2345.249	-0.026313
2343.320	-0.030363
2341.392	-0.031605
2339.463	-0.030959
2337.534	-0.029755
2335.606	-0.028689
2333.677	-0.027893
2331.748	-0.026898
2329.820	-0.025120
2327.891	-0.022624
2325.962	-0.020123
2324.034	-0.018079
2322.105	-0.016131
2320.176	-0.013668
2318.248	-0.010787
2316.319	-0.008184
2314.391	-0.006178
2312.462	-0.004399
2310.533	-0.002426
2308.605	-0.000262
2306.676	0.001807
2304.747	0.003523
2302.819	0.004870
2300.890	0.006043
2298.961	0.007157
2297.033	0.008161
2295.104	0.009047
2293.175	0.009866
2291.247	0.010586
2289.318	0.011104
2287.389	0.011416
2285.461	0.011657
2283.532	0.011850
2281.603	0.011819
2279.675	0.011495
2277.746	0.011046
2275.817	0.010630
2273.889	0.010268
2271.960	0.009915
2270.031	0.009515
2268.103	0.009058
2266.174	0.008653
2264.245	0.008457
2262.317	0.008546
2260.388	0.008884
2258.459	0.009252
2256.531	0.009269
2254.602	0.008844
2252.673	0.008444
2250.745	0.008514
2248.816	0.008930
2246.887	0.009271
2244.959	0.009354
2243.030	0.009360
2241.101	0.009452
2239.173	0.009462
2237.244	0.009174
2235.316	0.008677
2233.387	0.008237
2231.458	0.008039
2229.530	0.008056
2227.601	0.008060
2225.672	0.007941
2223.744	0.007841
2221.815	0.007821
2219.886	0.007786
2217.958	0.007747
2216.029	0.007751
2214.100	0.007679
2212.172	0.007482
2210.243	0.007389
2208.314	0.007558
2206.386	0.007792
2204.457	0.007766
2202.528	0.007372
2200.600	0.006872
2198.671	0.006676
2196.742	0.006820
2194.814	0.006882
2192.885	0.006648
2190.956	0.006467
2189.028	0.006667
2187.099	0.007065
2185.170	0.007336
2183.242	0.007394
2181.313	0.007244
2179.384	0.006937
2177.456	0.006700
2175.527	0.006705
2173.598	0.006869
2171.670	0.007041
2169.741	0.007163
2167.812	0.007265
2165.884	0.007352
2163.955	0.007085
2162.026	0.005787
2160.098	0.003419
2158.169	0.001447
2156.241	0.001239
2154.312	0.002230
2152.383	0.003251
2150.455	0.003865
2148.526	0.004033
2146.597	0.003951
2144.669	0.004092
2142.740	0.004575
2140.811	0.004969
2138.883	0.004900
2136.954	0.004373
2135.025	0.003753
2133.097	0.003567
2131.168	0.003980
2129.239	0.004646
2127.311	0.005166
2125.382	0.005435
2123.453	0.005562
2121.525	0.005655
2119.596	0.005767
2117.667	0.005942
2115.739	0.006178
2113.810	0.006422
2111.881	0.006619
2109.953	0.006705
2108.024	0.006646
2106.095	0.006483
2104.167	0.006291
2102.238	0.006175
2100.309	0.006202
2098.381	0.006225
2096.452	0.006025
2094.523	0.005680
2092.595	0.005523
2090.666	0.005731
2088.737	0.006117
2086.809	0.006335
2084.880	0.006310
2082.951	0.006268
2081.023	0.006345
2079.094	0.006447
2077.165	0.006477
2075.237	0.006478
2073.308	0.006542
2071.380	0.006657
2069.451	0.006691
2067.522	0.006568
2065.594	0.006345
2063.665	0.006110
2061.736	0.005929
2059.808	0.005805
2057.879	0.005605
2055.950	0.005397
2054.022	0.005704
2052.093	0.006667
2050.164	0.007431
2048.236	0.007306
2046.307	0.006775
2044.378	0.006454
2042.450	0.006254
2040.521	0.006059
2038.592	0.006017
2036.664	0.006200
2034.735	0.006391
2032.806	0.006170
2030.878	0.005508
2028.949	0.004918
2027.020	0.004650
2025.092	0.004515
2023.163	0.004544
2021.234	0.004915
2019.306	0.005352
2017.377	0.005449
2015.448	0.005268
2013.520	0.004991
2011.591	0.004538
2009.662	0.003943
2007.734	0.003466
2005.805	0.003309
2003.876	0.003512
2001.948	0.003850
2000.019	0.004035
1998.090	0.004139
1996.162	0.004314
1994.233	0.004381
1992.305	0.004190
1990.376	0.003921
1988.447	0.003797
1986.519	0.003900
1984.590	0.004241
1982.661	0.004760
1980.733	0.005089
1978.804	0.004719
1976.875	0.003785
1974.947	0.003070
1973.018	0.002958
1971.089	0.003183
1969.161	0.003342
1967.232	0.003303
1965.303	0.003322
1963.375	0.003521
1961.446	0.003580
1959.517	0.003339
1957.589	0.003138
1955.660	0.003290
1953.731	0.003628
1951.803	0.003745
1949.874	0.003573
1947.945	0.003443
1946.017	0.003574
1944.088	0.003868
1942.159	0.004118
1940.231	0.004205
1938.302	0.004218
1936.373	0.004377
1934.445	0.004706
1932.516	0.004968
1930.587	0.005065
1928.659	0.005193
1926.730	0.005385
1924.801	0.005368
1922.873	0.005076
1920.944	0.004801
1919.015	0.004823
1917.087	0.005168
1915.158	0.005600
1913.229	0.005835
1911.301	0.005925
1909.372	0.006135
1907.444	0.006472
1905.515	0.006728
1903.586	0.006839
1901.658	0.006851
1899.729	0.006743
1897.800	0.006567
1895.872	0.006506
1893.943	0.006551
1892.014	0.006463
1890.086	0.006190
1888.157	0.005919
1886.228	0.005747
1884.300	0.005645
1882.371	0.005619
1880.442	0.005697
1878.514	0.005845
1876.585	0.005950
1874.656	0.005882
1872.728	0.005602
1870.799	0.005238
1868.870	0.005045
1866.942	0.005186
1865.013	0.005544
1863.084	0.005848
1861.156	0.005931
1859.227	0.005834
1857.298	0.005737
1855.370	0.005774
1853.441	0.005907
1851.512	0.005990
1849.584	0.005862
1847.655	0.005464
1845.726	0.005033
1843.798	0.005000
1841.869	0.005433
1839.940	0.005902
1838.012	0.006082
1836.083	0.006036
1834.154	0.005910
1832.226	0.005811
1830.297	0.005861
1828.369	0.006035
1826.440	0.006192
1824.511	0.006345
1822.583	0.006572
1820.654	0.006785
1818.725	0.006891
1816.797	0.006970
1814.868	0.007085
1812.939	0.007175
1811.011	0.007256
1809.082	0.007437
1807.153	0.007689
1805.225	0.007908
1803.296	0.008149
1801.367	0.008558
1799.439	0.009072
1797.510	0.009354
1795.581	0.009148
1793.653	0.008656
1791.724	0.008340
1789.795	0.008319
1787.867	0.008302
1785.938	0.008115
1784.009	0.007877
1782.081	0.007747
1780.152	0.007752
1778.223	0.007754
1776.295	0.007479
1774.366	0.006899
1772.437	0.006496
1770.509	0.006690
1768.580	0.007293
1766.651	0.007839
1764.723	0.008066
1762.794	0.008056
1760.865	0.008089
1758.937	0.008264
1757.008	0.008427
1755.079	0.008422
1753.151	0.008217
1751.222	0.008041
1749.294	0.008228
1747.365	0.008722
1745.436	0.009129
1743.508	0.009236
1741.579	0.009168
1739.650	0.009060
1737.722	0.008683
1735.793	0.007974
1733.864	0.007696
1731.936	0.008414
1730.007	0.009480
1728.078	0.010127
1726.150	0.010333
1724.221	0.010296
1722.292	0.009914
1720.364	0.009011
1718.435	0.007989
1716.506	0.007732
1714.578	0.008426
1712.649	0.009331
1710.720	0.009787
1708.792	0.009699
1706.863	0.009345
1704.934	0.008825
1703.006	0.007959
1701.077	0.006998
1699.148	0.006601
1697.220	0.006992
1695.291	0.007955
1693.362	0.009132
1691.434	0.009987
1689.505	0.010052
1687.576	0.009263
1685.648	0.008270
1683.719	0.008210
1681.790	0.009264
1679.862	0.010288
1677.933	0.010514
1676.004	0.010321
1674.076	0.010278
1672.147	0.010362
1670.218	0.010475
1668.290	0.010817
1666.361	0.011307
1664.433	0.011643
1662.504	0.011934
1660.575	0.012375
1658.647	0.012477
1656.718	0.011547
1654.789	0.010014
1652.861	0.009580
1650.932	0.010805
1649.003	0.012201
1647.075	0.012949
1645.146	0.013601
1643.217	0.014323
1641.289	0.014535
1639.360	0.013938
1637.431	0.012988
1635.503	0.012641
1633.574	0.013261
1631.645	0.014058
1629.717	0.014308
1627.788	0.014088
1625.859	0.013786
1623.931	0.013675
1622.002	0.013702
1620.073	0.013489
1618.145	0.013006
1616.216	0.012895
1614.287	0.013477
1612.359	0.014185
1610.430	0.014561
1608.501	0.014741
1606.573	0.014899
1604.644	0.015023
1602.715	0.015126
1600.787	0.015224
1598.858	0.015325
1596.929	0.015441
1595.001	0.015555
1593.072	0.015689
1591.143	0.015867
1589.215	0.016045
1587.286	0.016181
1585.358	0.016273
1583.429	0.016310
1581.500	0.016142
1579.572	0.015547
1577.643	0.014816
1575.714	0.014691
1573.786	0.015196
1571.857	0.015624
1569.928	0.015799
1568.000	0.016097
1566.071	0.016479
1564.142	0.016290
1562.214	0.015110
1560.285	0.013661
1558.356	0.013447
1556.428	0.014803
1554.499	0.016544
1552.570	0.017843
1550.642	0.018757
1548.713	0.019392
1546.784	0.019612
1544.856	0.019288
1542.927	0.018572
1540.998	0.018245
1539.070	0.019143
1537.141	0.020833
1535.212	0.022255
1533.284	0.023208
1531.355	0.024014
1529.426	0.024672
1527.498	0.025016
1525.569	0.025074
1523.640	0.025030
1521.712	0.025218
1519.783	0.025959
1517.854	0.027119
1515.926	0.028267
1513.997	0.029178
1512.068	0.029682
1510.140	0.029561
1508.211	0.029242
1506.282	0.029854
1504.354	0.031721
1502.425	0.033751
1500.497	0.034989
1498.568	0.035686
1496.639	0.036665
1494.711	0.038095
1492.782	0.039519
1490.853	0.040802
1488.925	0.042377
1486.996	0.044614
1485.067	0.047426
1483.139	0.050961
1481.210	0.056573
1479.281	0.068794
1477.353	0.097532
1475.424	0.151219
1473.495	0.217940
1471.567	0.261314
1469.638	0.262707
1467.709	0.245488
1465.781	0.234257
1463.852	0.228999
1461.923	0.217716
1459.995	0.196831
1458.066	0.173899
1456.137	0.156267
1454.209	0.143898
1452.280	0.133820
1450.351	0.125407
1448.423	0.119365
1446.494	0.115693
1444.565	0.113492
1442.637	0.111744
1440.708	0.109850
1438.779	0.107650
1436.851	0.105439
1434.922	0.103485
1432.993	0.101418
1431.065	0.098845
1429.136	0.095995
1427.207	0.093315
1425.279	0.091012
1423.350	0.088982
1421.422	0.087055
1419.493	0.085389
1417.564	0.084208
1415.636	0.083240
1413.707	0.081974
1411.778	0.080232
1409.850	0.078180
1407.921	0.076022
1405.992	0.073916
1404.064	0.072051
1402.135	0.070487
1400.206	0.069098
1398.278	0.067775
1396.349	0.066500
1394.420	0.065327
1392.492	0.064283
1390.563	0.063253
1388.634	0.062280
1386.706	0.061887
1384.777	0.062795
1382.848	0.065295
1380.920	0.068524
1378.991	0.070495
1377.062	0.069915
1375.134	0.067750
1373.205	0.066010
1371.276	0.065458
1369.348	0.065311
1367.419	0.064609
1365.490	0.063112
1363.562	0.061189
1361.633	0.059356
1359.704	0.057919
1357.776	0.056890
1355.847	0.056156
1353.918	0.055539
1351.990	0.054790
1350.061	0.053750
1348.132	0.052438
1346.204	0.050970
1344.275	0.049446
1342.347	0.047916
1340.418	0.046439
1338.489	0.045104
1336.561	0.043931
1334.632	0.042875
1332.703	0.041924
1330.775	0.041109
1328.846	0.040469
1326.917	0.040030
1324.989	0.039777
1323.060	0.039656
1321.131	0.039609
1319.203	0.039609
1317.274	0.039673
1315.345	0.039806
1313.417	0.039993
1311.488	0.040201
1309.559	0.040344
1307.631	0.040335
1305.702	0.040161
1303.773	0.039866
1301.845	0.039490
1299.916	0.039023
1297.987	0.038427
1296.059	0.037718
1294.130	0.036941
1292.201	0.036148
1290.273	0.035398
1288.344	0.034731
1286.415	0.034134
1284.487	0.033587
1282.558	0.033113
1280.629	0.032731
1278.701	0.032404
1276.772	0.032090
1274.843	0.031804
1272.915	0.031535
1270.986	0.031214
1269.057	0.030810
1267.129	0.030380
1265.200	0.029980
1263.271	0.029596
1261.343	0.029184
1259.414	0.028734
1257.486	0.028276
1255.557	0.027856
1253.628	0.027498
1251.700	0.027172
1249.771	0.026826
1247.842	0.026456
1245.914	0.026103
1243.985	0.025811
1242.056	0.025582
1240.128	0.025370
1238.199	0.025136
1236.270	0.024872
1234.342	0.024589
1232.413	0.024310
1230.484	0.024051
1228.556	0.023805
1226.627	0.023579
1224.698	0.023372
1222.770	0.023155
1220.841	0.022934
1218.912	0.022740
1216.984	0.022569
1215.055	0.022394
1213.126	0.022188
1211.198	0.021944
1209.269	0.021697
1207.340	0.021502
1205.412	0.021372
1203.483	0.021271
1201.554	0.021163
1199.626	0.021036
1197.697	0.020886
1195.768	0.020736
1193.840	0.020632
1191.911	0.020587
1189.982	0.020556
1188.054	0.020494
1186.125	0.020396
1184.196	0.020295
1182.268	0.020235
1180.339	0.020213
1178.411	0.020176
1176.482	0.020084
1174.553	0.019946
1172.625	0.019794
1170.696	0.019635
1168.767	0.019482
1166.839	0.019366
1164.910	0.019300
1162.981	0.019246
1161.053	0.019175
1159.124	0.019099
1157.195	0.019051
1155.267	0.019028
1153.338	0.018989
1151.409	0.018921
1149.481	0.018853
1147.552	0.018785
1145.623	0.018688
1143.695	0.018577
1141.766	0.018484
1139.837	0.018389
1137.909	0.018260
1135.980	0.018124
1134.051	0.018023
1132.123	0.017949
1130.194	0.017853
1128.265	0.017715
1126.337	0.017572
1124.408	0.017465
1122.479	0.017382
1120.551	0.017291
1118.622	0.017182
1116.693	0.017070
1114.765	0.016984
1112.836	0.016934
1110.907	0.016880
1108.979	0.016790
1107.050	0.016682
1105.121	0.016592
1103.193	0.016541
1101.264	0.016534
1099.335	0.016570
1097.407	0.016637
1095.478	0.016712
1093.550	0.016774
1091.621	0.016840
1089.692	0.016934
1087.764	0.017037
1085.835	0.017101
1083.906	0.017114
1081.978	0.017108
1080.049	0.017096
1078.120	0.017032
1076.192	0.016887
1074.263	0.016693
1072.334	0.016485
1070.406	0.016287
1068.477	0.016138
1066.548	0.016060
1064.620	0.016018
1062.691	0.015975
1060.762	0.015932
1058.834	0.015903
1056.905	0.015867
1054.976	0.015782
1053.048	0.015644
1051.119	0.015494
1049.190	0.015375
1047.262	0.015299
1045.333	0.015254
1043.404	0.015209
1041.476	0.015119
1039.547	0.014984
1037.618	0.014869
1035.690	0.014817
1033.761	0.014791
1031.832	0.014747
1029.904	0.014704
1027.975	0.014681
1026.046	0.014652
1024.118	0.014595
1022.189	0.014532
1020.260	0.014490
1018.332	0.014452
1016.403	0.014386
1014.475	0.014291
1012.546	0.014181
1010.617	0.014058
1008.689	0.013914
1006.760	0.013747
1004.831	0.013582
1002.903	0.013446
1000.974	0.013345
999.045	0.013271
997.117	0.013207
995.188	0.013135
993.259	0.013060
991.331	0.012991
989.402	0.012917
987.473	0.012812
985.545	0.012671
983.616	0.012529
981.687	0.012429
979.759	0.012371
977.830	0.012333
975.901	0.012315
973.973	0.012324
972.044	0.012337
970.115	0.012332
968.187	0.012305
966.258	0.012271
964.329	0.012252
962.401	0.012241
960.472	0.012210
958.543	0.012165
956.615	0.012127
954.686	0.012085
952.757	0.012028
950.829	0.011988
948.900	0.011980
946.971	0.011962
945.043	0.011919
943.114	0.011878
941.185	0.011844
939.257	0.011801
937.328	0.011765
935.400	0.011750
933.471	0.011724
931.542	0.011668
929.614	0.011609
927.685	0.011582
925.756	0.011581
923.828	0.011565
921.899	0.011515
919.970	0.011457
918.042	0.011425
916.113	0.011433
914.184	0.011496
912.256	0.011603
910.327	0.011671
908.398	0.011631
906.470	0.011508
904.541	0.011372
902.612	0.011260
900.684	0.011182
898.755	0.011149
896.826	0.011170
894.898	0.011258
892.969	0.011444
891.040	0.011846
889.112	0.012802
