200 29.856735785651487
202 34.44303188881915
204 38.16856326516225
206 40.77222971464846
208 52.01837123616657
210 18.075133282212224
212 53.319837866589495
214 53.23178624801681
216 25.615385831910345
218 25.880552058312006
220 47.968239875098206
222 24.294512968399946
224 45.632961119739505
226 46.543647388204015
228 56.29349341171832
230 32.70070060179485
232 27.44804453705426
234 33.27716474117592
236 52.72947841432668
238 49.85884357184757
240 42.20379194054557
242 58.73230536998696
244 33.726121174185266
246 38.75511531560663
248 50.77913596489071
250 24.313652419016417
252 35.119680366056315
254 28.236452016352647
256 48.38523676990856
258 29.50719148125009
260 29.780158945817867
262 44.841592664556906
264 58.88838543809757
266 23.40969906078049
268 59.94233588807315
270 58.46211381851959
272 49.48397154460304
274 32.47197111207146
276 41.872076081976516
278 53.60235178473967
280 43.950159868656485
282 56.2426464728632
284 44.44952108544439
286 62.566724368218544
288 51.40501327508713
290 62.1143796874627
292 31.09649971370273
294 52.99810915705513
296 39.04297751443929
298 67.36798185795323
300 29.730532727396866
302 41.594235291161226
304 47.101662549262
306 34.53845248324637
308 69.28621096174294
310 31.444563321994583
312 37.329548347231736
314 64.41806244244889
316 39.69834351477112
318 56.479369504151165
320 35.583224005616565
322 64.28921323737703
324 55.62566953993711
326 71.95654514191799
328 44.12182481892392
330 46.89364080914661
332 44.75049748401899
334 57.185262063288164
336 49.876428368481214
338 76.966828761861
340 51.84283877301422
342 40.51436208225683
344 48.22729215483806
346 58.70361401756406
348 77.96099850192473
350 63.725647334816806
352 63.284439653857035
354 58.09430404670891
356 55.319488398695626
358 65.81966943252353
360 54.99004904598847
362 57.028987878765705
364 44.447798786599535
366 69.02523703199023
368 77.42346569629248
370 48.13788248199469
372 50.258262853839916
374 79.12250815735877
376 75.23443519599256
378 59.318496715157224
380 76.13105651516875
382 52.443418903087355
384 51.87274414798193
386 64.84746784522201
388 88.76378125792219
390 55.08735198413571
392 82.83985836370998
394 53.176867644286034
396 65.85988662767423
398 71.71760402299309
400 91.70573837219627
402 56.375948178837184
404 71.53131375381857
406 65.21737519752017
408 64.57401869531516
410 77.53195741231636
412 59.721091752342495
414 68.96208981714548
416 95.86601010176244
418 83.7325354719898
420 86.3917861638655
422 81.85344481484736
424 69.24832119305495
426 74.24010977845779
428 68.12708207498721
430 71.33605036764538
432 66.34619610064972
434 83.10493999845623
436 72.17739367674908
438 77.86271107821067
440 64.26869352258959
442 92.14945683067893
444 103.02187470774393
446 90.51017077880972
448 95.87904895245381
450 87.7482611660473
452 99.44294725649982
454 72.02405311409726
456 85.03387775995256
458 94.82974431507968
460 96.65610200916399
462 73.242944244439
464 94.27994573276747
466 83.04345312348288
468 80.67046287954467
470 74.300082895531
472 102.22885660651882
474 79.49801064689103
476 100.34086323880828
478 94.20064428103635
480 109.68909094181903
482 114.24457460438862
484 96.22777892797498
486 104.59318630159677
488 112.787834339282
490 94.82681169892358
492 112.33614356174323
494 87.02573347682451
496 106.2983127290001
498 106.60329559801875
500 91.26435798871583
502 124.31067616095613
504 102.89128791541059
506 123.4311226799409
508 102.42750210295159
510 109.7361980331589
512 90.99095288393427
514 108.48628173901972
516 97.19861936542154
518 114.81963309130086
520 114.11642306368879
522 132.8277450175133
524 107.78597899637465
526 100.9454176941052
528 138.26137729866934
530 106.70194376263265
532 139.51761490129587
534 133.57173958599293
536 106.18078534406686
538 120.73339512709353
540 125.13524895841407
542 117.77005935536496
544 137.1515036533006
546 115.18062928716986
548 116.09748802990828
550 150.24598363630207
552 131.23836711276817
554 124.11383802621765
556 149.59878512284695
558 150.18015453140836
560 121.40144875229016
562 155.1222905023008
564 130.71049974996401
566 139.73034949126912
568 157.0312818133377
570 125.42099616004711
572 142.04059772273774
574 161.50735649797574
576 158.71004564214843
578 167.8159772141044
580 134.50176008381845
582 168.20206078186072
584 141.53310485556662
586 145.57775447580005
588 160.93545822895408
590 171.20163018082184
592 150.94180967592868
594 178.48307749326582
596 157.0884699719012
598 193.05358332199853
600 174.77783848790375
602 177.0705747179899
604 179.62429981486693
606 168.92466035087315
608 205.62695680282297
610 170.69666933148042
612 200.50649966266587
614 194.1738536702627
616 192.4869062040487
618 210.80755005744066
620 219.5971020880319
622 213.35977830241876
624 198.51305921886632
626 220.28631244559247
628 210.62535834139464
630 213.50782502238755
632 222.3493849700933
634 222.1336135538977
636 225.19330461458603
638 226.4701893270862
640 213.85310372605537
642 231.58170213814117
644 221.3549585316601
646 229.84791367367308
648 239.95598993028352
650 256.76344976199505
652 257.49855835068286
654 244.1911254916775
656 227.67842499303657
658 244.45651220137586
660 229.5825773387292
662 260.26905521636195
664 237.5017353809442
666 236.98997597928857
668 258.0457015937397
670 252.32191472257816
672 255.60884444863223
674 216.69178993267903
676 239.39072689679364
678 232.65006135555095
680 243.75841135605032
682 212.03146614482787
684 234.84791424395144
686 211.80402168329863
688 242.8173771055147
690 224.9649514714693
692 217.60724644374432
694 216.52196798013517
696 240.00700055213335
698 211.4150168028997
700 215.96919083586744
702 214.64106198081157
704 221.6119506863073
706 220.84742452234028
708 225.70367315172817
710 230.7290158702159
712 210.03285771775745
714 197.4813111513823
716 233.15158628344508
718 221.34445103291105
720 204.88160219902232
722 204.05097769866856
724 200.3042633451847
726 209.11241616517236
728 203.44478250736006
730 206.42727580031777
732 235.82021056542823
734 236.757089127069
736 212.12377459322948
738 216.71547315726588
740 232.4590661298966
742 200.97592564097306
744 214.68799856941547
746 213.2927964028054
748 211.68249367301706
750 241.04076349168835
752 243.20043363004402
754 223.03136311420062
756 221.36019365524416
758 230.51019198253675
760 221.537394176825
762 216.42926556954188
764 240.7308617086598
766 240.21528705383855
768 256.4028596206011
770 244.368195736141
772 254.5675236012243
774 275.59057193106423
776 255.91914608152422
778 256.93067936841896
780 272.55495599536397
782 275.8982178824003
784 286.13697319072946
786 307.82816973732963
788 350.2488805994152
790 354.1446079516995
792 363.17721321629665
794 435.9103886971737
796 442.42376298837416
798 511.306118463658
800 584.0104630907533
802 643.1514492395964
804 686.0800803565252
806 715.0761294912905
808 699.9055516345848
810 684.3069489977281
812 625.0918175044175
814 532.6266964493702
816 496.16913594456787
818 442.0437787424311
820 394.83554193253906
822 379.41252411399637
824 362.6217746185472
826 330.6498189020296
828 338.02944189118307
830 331.7623550996395
832 319.8712866831172
834 302.7498710122289
836 290.36488054156644
838 302.6352625485837
840 303.778044295365
842 266.9192177622407
844 261.6716426695926
846 277.8192925695245
848 284.5692822613399
850 273.0445554689663
852 253.04879277904888
854 285.87595970509784
856 289.57731167786744
858 285.60674015306677
860 286.1266273653876
862 265.4269234665112
864 272.3764796160893
866 266.6382240979249
868 284.9452990908199
870 286.86398525895606
872 256.9499049131223
874 270.9808965098489
876 261.55429899281586
878 268.5194185261637
880 282.6494406826262
882 256.3357048303415
884 266.76554188597925
886 256.7185615115098
888 277.614309861774
890 296.6435672489371
892 294.0726056737428
894 299.1904426255317
896 288.9396978243182
898 296.7551207710352
900 284.85206886573314
902 288.58029179035077
904 286.5282469962691
906 273.04062259422886
908 269.9778253888611
910 289.36081696868297
912 279.9683122144363
914 282.94747508127466
916 272.6909912509499
918 293.3186304260707
920 284.89329773275875
922 279.12886451700734
924 290.38558474955676
926 303.92573502412824
928 289.3304610677774
930 281.8553287946734
932 320.1313184472261
934 303.86894883546125
936 321.0732915048671
938 318.5333306699913
940 300.8225511163127
942 307.9068981723716
944 321.5850961005277
946 302.62730750228303
948 313.5575160677051
950 335.8293604817112
952 336.33354545461935
954 310.0751080800211
956 330.24552282383337
958 345.7595032763371
960 317.65328068671903
962 339.2079873842871
964 342.65590813277345
966 354.8808205727804
968 324.82672106378186
970 335.54119064304086
972 327.89460859634175
974 357.98320148145046
976 333.5491129334904
978 370.453000546059
980 341.822937337638
982 354.59853783002654
984 364.38128458908966
986 372.44157587957534
988 357.7082365602448
990 381.20310503905296
992 397.94086442377517
994 371.20733732744344
996 404.8027381737076
998 399.7472253002189
1000 390.6561963489607
1002 397.8961779350766
1004 420.9955904993409
1006 411.6659641834133
1008 445.377233609029
1010 451.6850355361998
1012 466.9690552831996
1014 468.3563690030195
1016 477.52501840642645
1018 489.9124743067315
1020 515.4225231502634
1022 531.3862313860493
1024 537.7111119519054
1026 554.4342501801273
1028 591.5694221446097
1030 596.9938704563881
1032 623.2106489077801
1034 665.6732734760178
1036 711.9232099146195
1038 763.1056515880985
1040 782.4169464939422
1042 834.7636852635337
1044 878.3512933490504
1046 899.2779139790362
1048 964.401544124052
1050 958.6451922823421
1052 979.9943210915635
1054 1003.0819950438756
1056 963.2495892037639
1058 938.7894335680503
1060 902.9250866926704
1062 876.7646704545452
1064 836.5061140896227
1066 816.5808232638733
1068 748.1625122522023
1070 726.5027108928568
1072 693.9699821900156
1074 656.9781617105276
1076 625.7863065180572
1078 615.8067537885578
1080 586.0378903781187
1082 589.028424059079
1084 565.9858222418911
1086 548.9534390572926
1088 531.0423546816542
1090 503.59005008626707
1092 527.4910017472471
1094 501.575938467232
1096 477.9888800026909
1098 497.942821208269
1100 497.35904164454985
1102 488.84588559287397
1104 454.5451485719271
1106 459.69916484199655
1108 445.7687352558617
1110 451.9165372265321
1112 445.0243010893488
1114 467.72867095386687
1116 460.08412553029814
1118 448.8804225480087
1120 433.87959806496207
1122 435.3855217986517
1124 450.9677694477312
1126 456.57309481394634
1128 461.3727683538784
1130 444.235445475789
1132 463.34513470822185
1134 425.0639585458443
1136 459.5385088906809
1138 456.7981831181678
1140 435.7072733989968
1142 434.34228243287595
1144 448.59292643408816
1146 452.89990427468683
1148 435.66368422364445
1150 430.117746974349
1152 428.2394718269882
1154 442.14889233766917
1156 432.2356067474295
1158 444.0103260556971
1160 434.0061070564994
1162 461.7786236480207
1164 427.8611406501927
1166 454.9581879527122
1168 456.85182246930685
1170 469.48361030336747
1172 449.86403165217104
1174 438.3644708801283
1176 443.7030871048898
1178 459.0917725445946
1180 461.2340387577923
1182 460.72912229099614
1184 448.4137241456506
1186 468.3722196482974
1188 462.448107791006
1190 442.1926012464545
1192 479.1082254711034
1194 455.19636794202955
1196 447.9506067089285
1198 465.29732691086997
1200 461.97548812424
1202 450.98701371482946
1204 450.7046787530589
1206 471.47286481943274
1208 459.58289063827766
1210 460.6911834026674
1212 486.2743059258832
1214 489.0959099633052
1216 489.8479509823158
1218 476.16923329956927
1220 483.4738163114556
1222 485.97248732444706
1224 484.09180154183485
1226 466.0052286482336
1228 467.0623005811169
1230 492.12399422016097
1232 466.49883982877435
1234 470.6595101982284
1236 486.55794294068414
1238 506.12498002888105
1240 489.3730424688622
1242 500.12173332214536
1244 499.05329310999406
1246 505.28297062061193
1248 476.1473097415867
1250 504.2384631503517
1252 492.86018813073383
1254 515.6275681791359
1256 500.5857173352502
1258 495.60874458688403
1260 521.5700221643957
1262 503.88951399218195
1264 522.9001537822277
1266 516.4153244405468
1268 493.14453973578975
1270 507.7079496570985
1272 502.62010228560854
1274 508.4404209754363
1276 513.3290205442926
1278 515.3468448872483
1280 504.83391207869613
1282 526.1944647235782
1284 502.2448517123206
1286 530.1368096093858
1288 540.8419173181389
1290 529.4417562193269
1292 543.5823603132337
1294 532.3411601044386
1296 537.0774894114944
1298 516.0590361210775
1300 544.6990577562656
1302 547.1450601309865
1304 537.4352736492685
1306 524.173662457438
1308 553.1550798420226
1310 551.3660694169333
1312 521.9613685051818
1314 561.5056216654132
1316 542.44734045778
1318 550.4793600926625
1320 539.5970073832821
1322 562.7101165784067
1324 538.0467153435471
1326 554.7394141220163
1328 560.0170237973472
1330 547.0783764316977
1332 544.4839659452939
1334 573.5047254351321
1336 549.1437237509922
1338 555.9918197770162
1340 549.8736581761415
1342 547.7367870988243
1344 552.8124558727236
1346 560.3458714449222
1348 586.9828174583927
1350 579.9336458773962
1352 587.9585043333212
1354 566.7354816199844
1356 592.4759901717582
1358 595.194449356307
1360 588.1024321106344
1362 561.3415577985172
1364 570.4265747039457
1366 596.1256413911412
1368 586.49958698024
1370 574.301108610838
1372 570.8637722429149
1374 583.8814868975885
1376 594.6859793005161
1378 574.2894802615415
1380 576.3120448856616
1382 599.0579149761795
1384 596.1852709696763
1386 594.5225672934733
1388 595.4215447404564
1390 618.6424649831343
1392 602.5140059626865
1394 609.1130167714795
1396 616.7539340383237
1398 594.5174139686197
1400 626.9064555748507
1402 608.8501912982744
1404 628.3799815893146
1406 596.2356243932757
1408 610.1020463666785
1410 606.4140631525642
1412 619.2775946361961
1414 630.9944099095834
1416 637.4653095507484
1418 643.2136264088815
1420 643.5375271367602
1422 617.4273643491407
1424 619.7768757991136
1426 619.3241173513604
1428 621.4950289540573
1430 625.9556001082565
1432 618.5993082212186
1434 655.2684113254518
1436 628.6750893504957
1438 629.5613987041985
1440 660.7492468911804
1442 652.6848782612756
1444 644.0798212630046
1446 657.9818140356114
1448 671.0611371679124
1450 644.861387917117
1452 667.2661587204386
1454 652.8331167802905
1456 667.8687894603117
1458 652.4630908952338
1460 649.6120151441863
1462 668.9375101407699
1464 663.1308456671185
1466 671.0010264618422
1468 683.4925679295943
1470 688.5171786087735
1472 652.4068192147557
1474 674.1011033811462
1476 656.1484726849654
1478 670.3810193159627
1480 677.393856869816
1482 675.8852624833501
1484 676.6496821421523
1486 691.2049442214129
1488 702.998979402103
1490 668.6343732131863
1492 695.6367309201767
1494 675.9529177226299
1496 705.5507033336806
1498 687.3061716032173
