200 30.95220095187495
202 35.54886404386053
204 39.284903515943476
206 41.899221682531746
208 53.15616111251702
210 19.22386988542886
212 54.47967270064999
214 54.40287356258262
216 26.79788268404083
218 27.074618375837602
220 49.17403852170473
222 25.512209810477735
224 46.86272509505326
226 47.78565057644104
228 57.547911106975114
230 33.96771138706394
232 28.727830360775798
234 34.56991099592052
236 54.03537401767875
238 51.17808104956076
240 43.53656751204478
242 60.07881903629395
244 35.08657680834798
246 40.1297207557152
248 52.168103109766434
250 25.71719732666312
252 36.53802335496701
254 29.669817769767967
256 49.833854443127095
258 30.971294812094783
260 31.259986368366462
262 46.3373874262489
264 60.400395720334366
266 24.938178103140075
268 61.4875421162656
270 60.02431097621442
272 51.063428829265035
274 34.068963314946785
276 43.486883732376825
278 55.235261298777885
280 45.60146370259423
282 57.91264328123628
284 46.13851588413969
286 64.275028702683
288 53.1329453938566
290 63.862264721206735
292 32.86466985998939
294 54.78690387104851
296 40.85274370575148
298 69.19907409388202
300 31.583313442790264
302 43.46907500516009
304 48.99894008918347
306 36.45855521588162
308 71.22953503235513
310 33.411513901315146
312 39.32053988676665
314 66.43351893842004
316 41.73869878103266
318 58.545067454435774
320 37.674718945482724
322 66.40697016624507
324 57.77016446361962
326 74.12826539606834
328 46.32126940384692
330 49.12132073643484
332 47.00693613550089
334 59.47099556279595
336 52.192005966971024
338 79.31281323644257
340 54.21980684047392
342 42.92290482768592
344 50.668015476007184
346 61.17713908571609
348 80.46796223969066
350 66.26670291199365
352 65.86025700182333
354 60.7055703922911
356 57.96690881833959
358 68.50396742766756
360 57.71196714057942
362 59.78928823990725
364 47.24726386937172
366 71.86467024953254
368 80.30369211629866
370 51.05974955082663
372 53.222641149530865
374 82.13029217284198
376 78.28654415396196
378 62.41587541604058
380 79.27467621977257
382 55.634278251555905
384 55.11187011680072
386 68.13591674408977
388 92.1026397684141
390 58.47773824218578
392 86.28292308805175
394 56.673795313108684
396 69.41189670587704
398 75.32595224255367
400 95.37171806830966
402 60.100891684633034
404 75.31659385662275
406 69.06440665979726
408 68.48425984360804
410 81.50691179769095
412 63.762309886049636
414 73.0711709854292
416 100.04460426397432
418 87.98234524641578
420 90.71456890593286
422 86.25101479265936
424 73.72255186549756
426 78.79293618144035
428 72.7605033217173
430 76.05213226919822
432 71.14707391347808
434 87.99282130589695
436 77.15456141202114
438 82.93152669686778
440 69.43160033289031
442 97.40898349087166
444 108.38063889983461
446 95.97088306899047
448 101.4445168490227
450 93.42139338634658
452 105.22675821514582
454 77.92166764557254
456 91.04853608948383
458 100.96480729263794
460 102.91505662239942
462 79.62940942740853
464 100.79767848843036
466 89.69635497913643
468 87.46258669565236
470 81.23564004976508
472 109.31222457630486
474 86.7337410153099
476 107.7336901503875
478 101.75549337575559
480 117.411088797571
482 122.13905872018371
484 104.30030828236497
486 112.84955252312584
488 121.23407352826334
490 103.46921694249139
492 121.18127818695459
494 96.08044508958857
496 115.56974808980209
498 116.09891638878858
500 100.99195752877228
502 134.27839713373976
504 113.1076411717055
506 133.9050071874733
508 113.16822611664092
510 120.75350156487232
512 102.29503155534641
514 120.0878121060827
516 109.10878580797686
518 127.05015636647207
520 126.67959062682976
522 145.73644321957732
524 121.05372727152707
526 114.58640485610881
528 152.29050006888318
530 121.13484765619941
532 154.37073760102592
534 148.86235693530483
536 121.92706009077392
538 136.9544285484136
540 141.85113549381467
542 135.00194436711598
544 154.92164442413872
546 133.5124593493719
548 135.01568489922826
550 169.7765399963294
552 151.40866545873797
554 144.9527287302593
556 171.13666782286074
558 172.44906267055183
560 144.4351370023073
562 178.95632468795952
564 155.38234874938428
566 165.27947841293872
568 183.4992455393816
570 152.85153209027806
572 170.4797162477575
574 191.0034273638592
576 189.31387793496793
578 199.58089018003358
580 167.4836413997021
582 202.4594081919007
584 177.12704628282734
586 182.57204079495165
588 199.3964218445071
590 211.1981013935274
592 192.54498154704345
594 221.76630855091696
596 202.12701267984846
598 239.92422480295863
600 223.55843864195526
602 227.8394857153468
604 232.45965012591066
606 223.9034862064392
608 262.8241645083153
610 230.18381349708926
612 262.35036551515935
614 258.434836569857
616 259.2171886984992
618 280.04908661945615
620 291.37943434740583
622 287.6977191485252
624 275.4043023533478
626 299.70904412714447
628 292.5359689743047
630 297.8388380948368
632 309.00773726448114
634 310.99943069805386
636 316.1193169185535
638 319.28192171937025
640 308.3499485530609
642 327.5389441284477
644 318.52676878568514
646 327.97126773292393
648 338.7553994679272
650 355.95633532403315
652 356.8010394000928
654 343.3239704688367
656 326.3728928423313
658 342.45982950182156
660 326.6628302018174
662 356.2193279051355
664 332.14339153185085
666 330.1750459237884
668 349.658403579297
670 342.2793932954187
672 343.8612524383351
674 303.2218701571443
676 324.21306666517467
678 315.81019938033216
680 325.33197603983695
682 292.1235200728273
684 313.59267585877683
686 289.3651352128097
688 319.3889094354166
690 300.77331348209515
692 292.91427050564226
694 291.6294279599323
696 315.2629426813111
698 287.22238869966634
700 292.79742552980224
702 293.0415135972939
704 302.2384164900185
706 304.48346354719723
708 313.29909785113705
710 323.44885723934067
712 309.323357444606
714 305.159113261705
716 351.5241707297803
718 353.3713882702915
720 354.385539605996
722 375.97924717189596
724 401.01370813507526
726 446.5721484734522
728 487.0683912567215
730 545.8948375029721
732 637.8346044883463
734 699.006214967542
736 716.6155541866937
738 729.637414957891
740 715.8787414307786
742 628.250517072828
744 576.2701271325325
746 512.2325202927104
748 456.6847922308342
750 441.81703003112534
752 408.4027188421219
754 359.6859445015375
756 334.9360785646641
758 325.1808905077081
760 300.45658783897704
762 281.9627901650064
764 294.63528863233364
766 283.76905475519914
768 290.49912227133575
770 269.5775460390161
772 271.1766321545718
774 283.62060761508775
776 255.12584286440938
778 246.78604984643277
780 252.2087868982104
782 244.11548370948316
784 241.20512620002395
786 247.42614999897535
788 271.26867968355475
790 252.45943525018194
792 233.36598125344244
794 270.9960997129859
796 233.8051715651988
798 249.32433460878002
800 260.0148888926477
802 254.14847433073112
804 241.6757951589376
806 241.97453315569362
808 236.1029419807301
810 263.68260179875915
812 265.70774941402226
814 236.8683515199532
816 257.41064717056844
818 250.6860261805389
820 241.55012603518605
822 256.3200560596303
824 263.4599822486285
826 250.57111492886474
828 273.316434316912
830 279.56658741974195
832 278.0026086433662
834 269.51554919042457
836 264.4495363138933
838 283.01205674182523
840 289.6430645218022
842 257.6428948001014
844 256.7626419517059
846 276.89758132638985
848 287.34599907423876
850 279.3069784838102
852 262.64918309073687
854 298.7234010441548
856 305.6319162232606
858 304.8757715252261
860 308.662225704438
862 291.3252180106664
864 301.77795107935236
866 299.7292389771005
868 321.96078497816086
870 328.09125243612664
872 302.73364509708387
874 321.72940244016223
876 317.74694336003665
878 330.71539794209997
880 351.4977139627481
882 332.5859093329848
884 351.27941799691166
886 350.48099591478393
888 381.74244187501967
890 412.39138342030935
892 422.8269560976181
894 442.4523531756603
896 448.2822544131486
898 473.74641973747055
900 480.9297901563201
902 504.8655156040492
904 523.5737602818364
906 530.5274236815804
908 546.4048927727881
910 581.8115056561192
912 584.0623409154929
914 593.0705848719892
916 582.5166053887602
918 596.5198291125013
920 575.8547936433878
922 553.4686649748146
924 545.1846545065614
926 537.6799896242135
928 501.7171718441824
930 473.42290335944807
932 491.9958208369794
934 457.4624262933688
936 457.95761739228874
938 440.2748114128902
940 408.9149197454659
942 403.7292534710126
944 406.38328438087603
946 377.510026750413
948 379.50102117764504
950 393.68670867974095
952 386.84581417228827
954 353.8830384141826
956 367.9007103776129
958 377.73468055836173
960 344.3514926786188
962 360.97061229424605
964 359.7695581269823
966 367.5831983623528
968 333.3115243005018
970 339.9621576425993
972 328.3687924352691
974 354.59354889714876
976 326.346411959245
978 359.45724768076303
980 327.0241619008693
982 335.95710822056094
984 341.8277084496647
986 345.875793533598
988 326.9983943048253
990 346.183781683099
992 358.4107105564945
994 326.92607189670645
996 355.4874307761191
998 345.06777493276945
1000 330.22989817687005
1002 331.2812490682828
1004 347.68350444628993
1006 331.07242289805976
1008 356.83158840532144
1010 354.4179581238716
1012 360.09826545766583
1014 350.87025880375506
1016 348.2640943986488
1018 347.5487026550134
1020 358.4369570440016
1022 358.04580410152107
1024 346.04630454032844
1026 342.2206492862439
1028 356.31817771259546
1030 335.95897953172675
1032 333.4250158210058
1034 344.0305725142975
1036 355.3280111588483
1038 368.7180555154401
1040 348.01589622105286
1042 359.23823428840075
1044 362.2930539760442
1046 345.5866750729835
1048 378.7412580376738
1050 349.53753833658766
1052 358.37002268029437
1054 381.261904059055
1056 353.55411395173036
1058 352.1479641280723
1060 347.8570716422764
1062 358.9309210516683
1064 358.8023494720263
1066 379.59363354428257
1068 350.7749466351255
1070 366.4866903392038
1072 368.4775248870786
1074 362.90464606712374
1076 360.01504899344906
1078 375.3590697870115
1080 368.15488306020785
1082 391.2069608796541
1084 385.9857243180708
1086 384.7878324960989
1088 380.9591087438536
1090 366.0493104092459
1092 401.14183236484456
1094 385.23377958049076
1096 370.6147024391832
1098 398.62435442072655
1100 405.2941567863811
1102 403.3280517017794
1104 374.95079747598106
1106 385.4767664450906
1108 376.42937878631403
1110 387.0258231184281
1112 384.1953647058315
1114 410.6161788132004
1116 406.3791044811176
1118 398.30580108206686
1120 386.1863559955478
1122 390.34935963212166
1124 408.38622193107676
1126 416.26302447338304
1128 423.1681845254681
1130 407.9856025649799
1132 428.9128703940215
1134 392.3242385464386
1136 428.3771498914098
1138 427.11072967063296
1140 407.39800815315135
1142 407.3233520658762
1144 422.78356817829666
1146 428.22576009653176
1148 412.0561915272651
1150 407.5135962512222
1152 406.5801229886814
1154 421.38014259001767
1156 412.3072038213339
1158 424.87562142794366
1160 415.62174449492704
1162 444.10425901693725
1164 410.85918942923036
1166 438.59359736796364
1168 441.0918655202358
1170 454.29769930161456
1172 435.22354917654394
1174 424.2426163021745
1176 430.07473705691956
1178 445.9333538914496
1180 448.5234127989428
1182 448.4454790640296
1184 436.5374858287123
1186 456.88495216999206
1188 451.3324398537301
1190 431.4321500548877
1192 468.6875285331627
1194 445.1008203762972
1196 438.1664035515338
1198 455.811409967012
1200 452.77549695582206
1202 442.0612403967764
1204 442.04202606742484
1206 463.06280758894434
1208 451.41543992996145
1210 452.75685335810465
1212 478.5640829977842
1214 481.60122435881107
1216 482.56065013200214
1218 469.08155718778465
1220 476.57837451859234
1222 479.26223764519926
1224 477.56003005561865
1226 459.6455311288671
1228 460.8685651427154
1230 486.0903851051088
1232 460.6197822516889
1234 464.92967616712247
1236 480.972237983141
1238 500.67853075705057
1240 484.0611849225289
1242 494.9400020340669
1244 493.997410842209
1246 500.34883872451485
1248 471.3309990983035
1250 499.5362056513566
1252 488.2683686617611
1254 511.142717073283
1256 496.20450326377033
1258 491.3279678585469
1260 517.3866084064766
1262 499.8005081881396
1264 518.9027146429665
1266 512.5067190878456
1268 489.3221386780251
1270 503.96922203881985
1272 498.96261139383034
1274 504.861819986721
1276 509.8270484978119
1278 511.9193228700376
1280 501.47873961026227
1282 522.9096163279
1284 499.0283736660873
1286 526.9868168560686
1288 537.7565905381833
1290 526.419339047394
1292 540.6211566940143
1294 529.4395317791125
1296 534.2338535274229
1298 513.2718629577856
1300 541.9668685612177
1302 544.4664250590635
1304 534.8088098002386
1306 521.5980320060677
1308 550.6289882558018
1310 548.8882637567002
1312 519.5306358042141
1314 559.1207873828262
1316 540.107267002314
1318 548.1829454131805
1320 537.3431836225128
1322 560.4978487866721
1324 535.8750002494027
1326 552.6072789569104
1328 557.9235251715718
1330 545.0225992590584
1332 542.4650224140718
1334 571.5217540230473
1336 547.1958882820076
1338 554.0783085179373
1340 547.9936829710848
1342 545.8895825397271
1344 550.9972785041726
1346 558.5619990016676
1348 585.2295481340045
1350 578.2102976226003
1352 586.2644141826307
1354 565.0700050453155
1356 590.8385004617868
1358 593.5843370203886
1360 586.5191043061693
1362 559.784437780702
1364 568.8951012969037
1366 594.619268479479
1368 585.017783020122
1370 572.8433561597175
1372 569.4295675071056
1374 582.4703392968956
1376 593.2974110491907
1378 572.9230259648515
1380 574.9672511514141
1382 597.7343400405541
1384 594.8824843367662
1386 593.2401493879554
1388 594.1590865728415
1390 617.3995678270732
1392 601.2902810438339
1394 607.9080849674392
1396 615.5674255892217
1398 593.3489681978722
1400 625.7557206197152
1402 607.7168238497898
1404 627.263646641253
1406 595.135994999749
1408 609.0188034080555
1410 605.3468951093716
1412 618.2261973706902
1414 629.9584864546922
1416 636.4445699061016
1418 642.2077873436511
1420 642.546311999053
1422 616.4505028816914
1424 618.8141039610389
1426 618.3751771457469
1428 620.559668261161
1430 625.0335725241068
1432 617.6903729014239
1434 654.3723328340143
1436 627.7916375134517
1438 628.6903484679068
1440 659.890378185088
1442 651.8379758650008
1444 643.2446746775788
1446 657.1582173587317
1448 670.2488889730615
1450 644.0602911364116
1452 666.4760205310749
1454 652.0537484944607
1456 667.1000064184677
1458 651.704712362583
1460 648.8638642103066
1462 668.199413622235
1464 662.4026340130317
1466 670.2825336621765
1468 682.7836314262452
1470 687.8176392092314
1472 651.7165210083093
1474 673.4198936575315
1476 655.4762018553793
1478 669.7175408363603
1480 676.7390271664189
1482 675.2389408802887
1484 676.0117307911756
1486 690.575228033595
1488 702.377365981483
1490 668.0207327922783
1492 695.0309362972891
1494 675.354844200936
1496 704.9602286619843
1498 686.7231759183591
