200 31.09110076291187
202 35.6890454153308
204 39.42638378688614
206 42.04201850115343
208 53.300292443041286
210 19.369354015127104
212 54.626528247059426
214 54.55111948091722
216 26.947538274801154
218 27.225703292625795
220 49.32657277925108
222 25.666213792885536
224 47.01821956426877
226 47.942656680955835
228 57.70645039076813
230 34.12780579879102
232 28.889502263214595
234 34.73318317567913
236 54.20026969517653
238 51.34462388929043
240 43.704781633124675
242 60.24872902332041
244 35.25820772255746
246 40.30309814646664
248 52.343253026354404
250 25.894146330472932
252 36.71679853198334
254 29.850446743448867
256 50.016365387655924
258 31.155716466022916
260 31.44634804866015
262 46.52571904275433
264 60.59072779067531
266 25.13054176806327
268 61.681969155449444
270 60.22083382455732
272 51.262080593670305
274 34.269777791621806
276 43.68989542466464
278 55.44050543554049
280 45.80897625716726
282 58.12246099097584
284 46.35067627058292
286 64.48957009234462
288 53.34990693968494
290 64.08168642472353
292 33.086592594138665
294 55.011369403781
296 41.079794724372185
298 69.42875423018944
300 31.815667299037525
302 43.70414818086898
304 49.2367792088441
306 36.6992079575717
308 71.47305015731436
310 33.65794128451181
312 39.56993054849505
314 66.6859250769693
316 41.99417380646906
318 58.80366602354275
320 37.936496997904676
322 66.67198496188317
324 58.03847462132996
326 74.39993093371535
328 46.596351779766906
330 49.39988289236757
332 47.28904254104953
334 59.75671226147855
336 52.481400623929744
338 79.60595518788
340 54.51676714488909
342 43.223756318986034
344 50.9728328185749
346 61.48599883151589
348 80.780942887502
350 66.5838849688627
352 66.18172304683011
354 61.031405142732766
356 58.2971991984364
358 68.83880263990311
360 58.05143873979213
362 60.13349021025626
364 47.596292704306556
366 72.21862503490237
368 80.66267461674414
370 51.42386429960453
372 53.59199554192968
374 82.50499656335465
376 78.66671195739104
378 62.801623212719946
380 79.66612386509985
382 56.03154899004013
384 55.51509070084062
386 68.54521755770976
388 92.51815495619752
390 58.89960584365765
392 86.71128517777771
394 57.10879814679103
396 69.85369087274465
398 75.77469282435911
400 95.8275648052645
402 60.56400914863085
404 75.78715163211956
406 69.54257953273985
408 68.97022799882347
410 82.00086102517417
412 64.26443179661194
414 73.58166323619656
416 100.56367079425458
418 88.51019652448315
420 91.25142218731192
422 86.79709439052465
424 74.27808943384274
426 79.35817101170998
428 73.33568265363655
430 76.63751161658118
432 71.74291740584266
434 88.59940204676658
436 77.77216185484718
438 83.56043903956572
440 70.07212693204505
442 98.06143729673352
444 109.04534391329949
446 96.64817482183346
448 102.13474290873583
450 94.12491388701861
452 105.94394641591495
454 78.65291051828282
456 91.79423493728211
458 101.72537840136282
460 103.69093194673519
462 80.42103731390799
464 101.60552443764986
466 90.52090244927655
468 88.30433795025702
470 82.09511705220388
472 110.18996993394622
474 87.63031897648928
476 108.64968765748421
478 102.69152117791677
480 118.36778262686073
482 123.11708053519222
484 105.30034758358636
486 113.8723277447059
488 122.28033351103045
490 104.53974249351694
492 122.27688373124347
494 97.20198041987757
496 116.71810022084489
498 117.27501152293141
500 102.19676314007503
502 135.51292417837374
504 114.37294643286128
506 135.20219576354168
508 114.4984540619833
510 122.11797869307661
512 103.695024415467
514 121.52464714298517
516 110.58385271854901
518 128.56491166411473
520 128.23556142729925
522 147.33523126190735
524 122.6970131884002
526 116.27595270866294
528 154.02816216150896
530 122.92256964738937
532 156.21056392674626
534 150.7564365616449
536 123.87765261274315
538 138.96391065165238
540 143.9220077955999
542 137.13683865230112
544 157.12333129047835
546 135.78385627493424
548 137.3598647421581
550 172.19673993393542
552 153.90829636854107
554 147.53538501003385
556 173.8061376395467
558 175.20933861889557
560 147.29042714281843
562 181.9110639198038
564 158.44121045664355
566 168.44738630165347
568 186.78138555724746
570 156.25336428999685
572 174.0069864179451
574 194.6621782070764
576 193.11045951977036
578 203.5219693317477
580 171.57620962170148
582 206.7107876242633
584 181.54489310726822
586 187.16434538293407
588 204.17150481889854
590 216.16460463317128
592 197.7118530091717
594 227.1427796207926
596 207.72256658460554
598 245.7485544540141
600 229.62139210754907
602 234.15099738576703
604 239.02965553780146
606 230.7418184640955
608 269.940430310312
610 237.58724698383506
612 270.04965854088687
614 266.4379446192299
616 267.5311125622132
618 288.6796311587269
620 300.3309472445935
622 296.97281446660355
624 285.0035759792329
626 309.6307906700232
628 302.77591228238595
630 308.3898900221825
632 319.8598013726918
634 322.13926886973155
636 327.53049702436306
638 330.9448631848534
640 320.24207968334963
642 339.63498031180455
644 330.79911439059816
646 340.39053708721696
648 351.2910444633466
650 368.57735980688904
652 369.4767745238921
654 356.02488143588823
656 339.0713865367902
658 355.13103464813753
660 339.2853267062318
662 368.77580943799785
664 344.62125443176126
666 342.5669073169646
668 361.96256145735185
670 354.50025064835404
672 356.0097361706204
674 315.3158835426557
676 336.2780219865806
678 327.8796859436414
680 337.4486290678517
682 304.3401695182438
684 325.9738728192902
686 301.98917984359434
688 332.35054136082965
690 314.1872782986677
692 306.92005050647606
694 306.39753089454643
696 331.0032923015472
698 304.1955735419739
700 311.32986337204966
702 313.5460117360566
704 325.2421913756474
706 330.6664592181576
708 343.54639436135284
710 358.9219058464466
712 351.555062835755
714 356.1754963250834
716 413.9854544032494
718 430.6955218378213
720 450.73995925441784
722 495.8515009347884
724 547.7486991069011
726 618.9257860667689
728 673.3377305911156
730 718.4312381513623
732 756.1471903117719
734 727.5003918280444
736 646.6678728343663
738 585.5422176633588
740 538.6501512157106
742 453.27094137123
744 422.83661823019105
746 385.9898734510166
748 356.0026861635807
750 362.50834956908557
752 346.05272852489713
754 310.496462380131
756 295.89159362448305
758 293.968750916857
760 275.3268296546845
762 261.5946895788407
764 278.0289720345958
766 270.16289869484615
768 279.30853593341425
770 260.35009764273667
772 263.5592285286897
774 277.3354263929758
776 249.95258885285034
778 242.5487844467327
780 248.76607788583186
782 241.3529803851497
784 239.02991884949878
786 245.76245226658295
788 270.05449974412454
790 251.64399218112942
792 232.9076877371617
794 270.8609787897409
796 233.96560893192338
798 249.75809263057835
800 260.7043266580599
802 255.0799315656243
804 242.8391079101038
806 243.36265678534699
808 237.71166283879046
810 265.5103234401592
812 267.7553427532986
814 239.1390611234917
816 259.9100481712358
818 253.42202820667643
820 244.53302218959078
822 259.5626164543262
824 266.9775929718397
826 254.3819646546539
828 277.4417521216144
830 284.03093679509675
832 282.8342442452756
834 274.7468445862113
836 270.11749294299904
838 289.1589065401855
840 296.3169812346555
842 264.89883197577456
844 264.66331901604934
846 285.5146430110977
848 296.7613778012355
850 289.61449401073344
852 273.9564185942684
854 311.1538994435273
856 319.3277441618451
858 320.0004996998895
860 325.40437090784644
862 309.90218061521597
864 322.44045572498646
866 322.7662363381155
868 347.70468363646637
870 356.9231989272833
872 335.0883223066416
874 358.09842105417533
876 358.67928788473137
878 376.8124685844757
880 403.3991819736699
882 390.940812749056
884 416.69473345383363
886 423.43772268605835
888 462.4680769990572
890 500.679690166976
892 517.8046071344512
894 542.3114875734874
896 550.0301363717856
898 573.0622589585915
900 572.24484569323
902 581.7656321874044
904 579.5425925645693
906 559.9208152802362
908 545.43200138305
910 549.2599684048212
912 521.5626926700895
914 504.8213521521684
916 474.5425179624134
918 475.6675168065956
920 448.7948402592856
922 425.9368021028234
924 421.57670049353374
926 420.9817258733734
928 393.6654119606756
930 374.7761257526779
932 402.8201614932334
934 377.3797480474056
936 386.33617881739036
938 376.3634618137948
940 351.9307793678424
942 352.9108638520513
944 361.01990614422664
946 336.9553777889646
948 343.1773921581517
950 361.08347460565517
952 357.5149461094306
954 327.4332379380133
956 343.99113652238566
958 356.0688190012928
960 324.67145438066916
962 343.0519896175478
964 343.4168733365225
966 352.6259276694354
968 319.6006541736091
970 327.36721877940175
972 316.7753141564435
974 343.9008788444204
976 316.4658504727926
978 350.3104516891348
980 318.5417787798497
982 328.07760543572033
984 334.49636968191766
986 339.04385631881246
988 320.6223079910668
990 340.22456775469766
992 352.833410143082
994 321.69926763419346
996 350.5828321713699
998 340.45985805677145
1000 325.89559191942084
1002 327.1996613717519
1004 343.8356829323136
1006 327.4411451393246
1008 353.4011778004633
1010 351.1741219284805
1012 357.0279520264845
1014 347.9615315234746
1016 345.5060201498317
1018 344.93125294612264
1020 355.9509202190404
1022 355.68270724270894
1024 343.7983438746452
1026 340.08062806466893
1028 354.2794506677065
1030 334.01540313656994
1032 331.5709036727965
1034 342.26065525306194
1036 353.6374004056857
1038 367.10221137944035
1040 346.47059797955086
1042 357.75955389344136
1044 360.87733208174956
1046 344.230499314856
1048 377.44144332650774
1050 348.2911089572542
1052 357.17419600976257
1054 380.1140757390961
1056 352.4518443702273
1058 351.08896607906775
1060 346.83919904914563
1062 357.95215865034606
1064 357.8608033622746
1066 378.68752252675034
1068 349.9025942605813
1070 365.6465176039636
1072 367.66804351542527
1074 362.12445232752765
1076 359.2628180007441
1078 374.63355024743845
1080 367.45489242047637
1082 390.53138084495635
1084 385.3334967073601
1086 384.15795540596764
1088 380.35063299505293
1090 365.4613362523131
1092 400.57350642348507
1094 384.68429201331475
1096 370.0832843021593
1098 398.11027521429867
1100 404.796722172622
1102 402.8466013782451
1104 374.4847031940935
1106 385.0254301619275
1108 375.99223093963946
1110 386.6023210156587
1112 383.7849910184154
1114 410.21844016859785
1116 405.9935301452147
1118 397.9319417254428
1120 385.82378253754786
1122 389.9976621571752
1124 408.04500867214244
1126 415.9319208578075
1128 422.8468322789133
1130 407.67365886941263
1132 428.6100070960655
1134 392.03014141267306
1136 428.09151790745676
1138 426.83327438111223
1140 407.12845303979975
1142 407.0614319613275
1144 422.52902871320185
1146 427.9783571778672
1148 411.8156908458327
1150 407.27977281648674
1152 406.35276068922303
1154 421.1590337779984
1156 412.09214891948795
1158 424.66642855770607
1160 415.4182291244096
1162 443.9062436275482
1164 410.66650319981744
1166 438.40607587543377
1168 440.9093504556755
1170 454.1200382009995
1172 435.050595165186
1174 424.07422785210997
1176 429.9107777564948
1178 445.7736922264063
1180 448.3679219443523
1182 448.2940366864638
1184 436.38997389808037
1186 456.7412567805053
1188 451.19245105349245
1190 431.29576168363957
1192 468.55463806773446
1194 444.97132878335646
1196 438.04021514723536
1198 455.6884322831823
1200 452.6556406123327
1202 441.9444189797816
1204 441.9281560131561
1206 462.95180807277495
1208 451.30723276046797
1210 452.6513628758708
1212 478.46123597870525
1214 481.50094992167107
1216 482.4628796501102
1218 468.98622420446674
1220 476.48541466634794
1222 479.17158856834226
1224 477.47163133623155
1226 459.5593242159073
1228 460.78449328412154
1230 486.0083932827621
1232 460.53981711909336
1234 464.8516859896755
1236 480.8961725808706
1238 500.60434144970475
1240 483.98882447690676
1242 494.86942461348747
1244 493.9285719580196
1246 500.2816951895447
1248 471.2655089821748
1250 499.4723282375684
1252 488.2060644064656
1254 511.0819475656794
1256 496.1452311880435
1258 491.27015695728244
1260 517.3302234454874
1262 499.7455149226418
1264 518.8490797850467
1266 512.4544102751618
1268 489.27112444369044
1270 503.91947178241645
1272 498.9140953535059
1274 504.81450921232204
1276 509.78091482501026
1278 511.87433889540785
1280 501.434878667271
1282 522.8668524637686
1284 498.9866816194924
1286 526.9461720356456
1288 537.7169690018005
1290 526.3807174821651
1292 540.5835123970205
1294 529.402842638805
1296 534.1980980056787
1298 513.2370200725901
1300 541.9329178699497
1302 544.4333466423591
1304 534.7765842464108
1306 521.5666403960596
1308 550.5984121486538
1310 548.8584851755095
1312 519.5016372225703
1314 559.0925517117015
1316 540.0797775773933
1318 548.1561859826131
1320 537.3171383350701
1322 560.4725021802972
1324 535.850337240135
1326 552.5832848281734
1328 557.9001855638095
1330 544.9999001597072
1332 542.4429501478563
1334 571.5002952425883
1336 547.1750299587295
1338 554.0580379332662
1340 547.973987707924
1342 545.8704504742035
1344 550.9786977976411
1346 558.5439580929664
1348 585.2120357319515
1350 578.1933026987217
1352 586.2479259641158
1354 565.0540130081856
1356 590.8229943242761
1358 593.5693067365252
1360 586.5045400595517
1362 559.7703299784636
1364 568.8814405638595
1366 594.6060456524481
1368 585.0049891424181
1370 572.8309824758057
1372 569.4176054574156
1374 582.4587805127891
1376 593.2862473480758
1378 572.9122493454413
1380 574.9568537891223
1382 597.7243142830256
1384 594.8728226995355
1386 593.2308445502317
1388 594.1501313734135
1390 617.3909552603319
1392 601.2820042559082
1394 607.900137252441
1396 615.5598003855978
1398 593.3416590848581
1400 625.7487213138892
1402 607.7101282017225
1404 627.2572486322509
1406 595.1298887386879
1408 609.0129831283017
1410 605.3413551657875
1412 618.2209322367223
1414 629.9534907195391
1416 636.439838271958
1418 642.2033146230276
1420 642.5420931121678
1422 616.4465328539324
1424 618.8103779204943
1426 618.371690320801
1428 620.556415978155
1430 625.0305502050606
1432 617.6875760618195
1434 654.3697570806369
1436 627.7892785422873
1438 628.688202062095
1440 659.888440212929
1442 651.8362422780132
1444 643.2431415086081
1446 657.1568807201078
1448 670.2477450548035
1450 644.0593362044788
1452 666.4752509256621
1454 652.0531606283372
1456 667.0995967753588
1458 651.7044774955921
1460 648.863800740377
1462 668.1995182366505
1464 662.4029034639549
1466 670.2829647652237
1468 682.7842210590964
1470 687.8183843102752
1472 651.717418575321
1474 673.420940746384
1476 655.4773955787855
1478 669.7188783626468
1480 676.7405057183289
1482 675.2405577338147
1484 676.0134832744201
1486 690.5771135256587
1488 702.3793819113802
1490 668.0228766378781
1492 695.033205584282
1494 675.357236501825
1496 704.9627415951006
1498 686.7258071469009
