200 30.728083771068285
202 35.32267072813727
204 39.05660595397241
206 41.66879126194051
208 52.92356870880045
210 18.98908585056367
212 54.24266685140666
214 54.163615168525176
216 26.556340455204726
218 26.830760450075736
220 48.9278324516911
222 25.263622550358036
224 46.61172298673114
226 47.53219933548856
228 57.291975808155314
230 33.709256449453115
232 28.466819532472627
234 34.30630733832862
236 53.76913988934882
238 50.909178089578035
240 43.26495662294667
242 59.80446036650267
244 34.809429734101926
246 39.849743862482505
248 51.885254173123414
250 25.431433292619637
252 36.249300319720206
254 29.3780909588649
256 49.53907819001633
258 30.67342253604598
260 30.958970551736265
262 46.0331795910707
264 60.0929464042084
266 24.627436834399614
268 61.17345738839388
270 59.70683022148599
272 50.742498391584164
274 33.7445284218545
276 43.15888846619684
278 54.90364856687077
280 45.26617520668755
282 57.573619485797416
284 45.79569598375656
286 63.92835058841638
288 52.782345618526435
290 63.50767846357302
292 32.50603088778676
294 54.424144502831744
296 40.4857947715076
298 68.8278648943623
300 31.20777170751412
302 43.089126849040035
304 48.614509967718746
306 36.069565878865376
308 70.83590747603792
310 33.013167318964776
312 38.91739161756195
314 66.02548441461315
316 41.325691473311764
318 58.12699881541689
320 37.25149835125613
322 65.9785048558985
324 57.33635947665681
326 73.68902350763776
328 45.87649105769172
330 48.670903975470786
332 46.55077652992469
334 59.00898613562205
336 51.72403711688993
338 78.83877265788867
340 53.73957944078575
342 42.436372641235835
344 50.17505757517184
346 60.677631488552606
348 79.96177781417705
350 65.75371127668507
352 65.34032442276826
354 60.17855967604437
356 57.43267920090031
358 67.96237445916219
360 57.16286256550073
362 59.23251987271039
364 46.6826754652189
366 71.29210136996662
368 79.72297798961517
370 50.47072092690164
372 52.62512414884939
374 81.52410812945858
376 77.67150945211097
378 61.791801320098386
380 78.64136869725868
382 54.99153778884292
384 54.45949152718529
386 67.4736889678583
388 91.43034566451655
390 57.79515437111024
392 85.58981948546986
394 55.96993525383827
396 68.69703645768311
398 74.5998408092823
400 94.6340969218206
402 59.35149448496706
404 74.55514615980738
406 68.29062561266056
408 67.69785386493392
410 80.70758024501076
412 62.94974270732429
414 72.24504835483143
416 99.20459620093548
418 87.12811121705109
420 89.84575740590685
422 85.36726291049712
424 72.82348482528704
426 77.87816686380822
428 71.8296317618915
430 75.10474513089908
432 70.18274393730141
434 87.0111067307709
436 76.15500536822925
438 81.91365656903767
440 68.39492709124596
442 96.35300098894015
444 107.30482313668347
446 94.8746914139486
448 100.3273872267072
450 92.282743419677
452 104.06598432387761
454 76.73814409772086
456 89.84161400283732
458 99.73381358337816
460 101.65929289764549
462 78.34815081829565
464 99.49017242010623
466 88.36181987381873
468 86.10021060463237
470 79.84457920996684
472 107.8916018867143
474 85.28264442827228
476 106.2511709724339
478 100.24056447225809
480 115.86272269513978
482 120.55618560030695
484 102.68181385935131
486 111.19427579893933
488 119.54080441633776
490 101.73669375207707
492 119.40818495897996
494 94.26540877441317
496 113.71133555659338
498 114.19563125557208
500 99.04223680148043
502 132.28060764182095
504 111.06007578704747
506 131.8058808125486
508 111.01567142689187
510 118.54556448942725
512 100.02966647919345
514 117.76287677583204
516 106.72203592231985
518 124.59923983140435
520 124.1620414546571
522 143.14967504968035
524 118.39502648984188
526 111.85292328930885
528 149.47924722834983
530 118.24268250608321
532 151.39435982406835
534 145.79829766966992
536 118.77167211099515
538 133.70387586377862
540 138.50138233818774
542 131.54874355546156
544 151.360525053004
546 129.83871382149653
548 131.22435525648763
550 165.86240355065107
552 147.36621971776373
554 140.77617562373962
556 166.81989724749968
558 167.9856353858017
560 139.81826692805868
562 174.17886067791702
564 150.4367559420093
566 160.15781929617043
568 178.19316090705013
570 147.35222211850464
572 164.77792198016203
574 185.08941296670315
576 183.1774141692468
578 193.2112396389196
580 160.86954617862347
582 195.58908079691608
584 169.98816474265857
586 175.1517491245749
588 191.6813372144615
590 203.1743295889675
592 184.19814255242017
594 213.08157436623617
596 193.08915975592313
598 230.51770376511365
600 213.7674642381627
602 217.64815015305527
604 221.85206312110236
606 212.86394511851663
608 251.33735782467687
610 218.23506060040006
612 249.92589504334825
614 245.52210468598014
616 245.8052371459088
618 266.12893847643477
620 276.94452286540053
622 272.74434194957905
624 259.93208962648157
626 283.7214254355565
628 276.04061910560307
630 280.8480784131999
632 291.5388657299425
634 293.0749516664366
636 297.76704162188884
638 300.53491249382495
640 289.24628480832337
642 308.12129583506476
644 298.8417736073448
646 308.0687201269535
648 318.68727298939723
650 335.77567157798046
652 336.56074708686356
654 323.0755844177798
656 306.16534489587343
658 322.3382802484789
660 306.66760316667035
662 336.3849767768485
664 312.4979176260035
666 310.7392687968801
668 330.44547385893054
670 323.29442441327694
672 325.1010376410909
674 284.67464305042887
676 305.8582573039663
678 297.6181328854039
680 307.2634559570953
682 274.12923306704533
684 295.61234654448043
686 271.32634847764746
688 301.2055007227738
690 282.34320293106924
692 274.116581639776
694 272.32068171005125
696 295.27204720684307
698 266.3440465825206
700 270.78344075619583
702 269.58928454838235
704 276.9756241016969
706 276.9475726645078
708 282.90974015523824
710 289.47040147035926
712 270.8139438682805
714 260.9011236211456
716 299.9296734345529
718 292.35517555550314
720 281.19989443093414
722 287.0137636937194
724 291.59330916043695
726 310.86616388857533
728 318.40847582953836
730 338.15085783012586
732 388.90808821799504
734 417.15254957589445
736 427.34943383074847
738 475.84092726975734
740 545.2602925541403
742 575.3162057774471
744 651.1496130142878
746 698.1774229134382
748 714.4297114549222
750 723.1202388043421
752 674.025141023336
754 588.8490060518046
756 522.6701365926554
758 475.06139081505404
760 418.956587121582
762 375.5971471288293
764 368.93519867924704
766 343.11034327010253
768 338.239119991492
770 308.26279481165653
772 302.7357039929546
774 309.5194995698472
776 276.4861535061842
778 264.47261026732355
780 266.89401941500716
782 256.32660252220865
784 251.35886251196325
786 255.8544433201036
788 278.23781883320726
790 258.1844286906415
792 238.0214311524089
794 274.72449504155554
796 236.72326097423527
798 251.52805906847811
800 261.58322519446074
802 255.1464481272564
804 242.1568555001015
806 241.98243197104563
808 235.6732264208741
810 262.8438011110677
812 264.48231849903027
814 235.27341865768392
816 255.458602307736
818 248.38497768525525
820 238.9042472700478
822 253.32983799530336
824 260.1224042677162
826 246.87974267705678
828 269.26145073546047
830 275.13476077864726
832 273.17719936106846
834 264.27615537028055
836 258.7718761638845
838 276.867684296239
840 282.99901328285216
842 250.46124199718346
844 248.9999840097158
846 268.5044087734237
848 278.2659564303118
850 269.4759915785316
852 251.99443267760137
854 287.1621174291354
856 293.0699648269466
858 291.205993787942
860 293.7624934959347
862 275.0561527646528
864 283.9802514123733
866 280.22055297004675
868 300.532056375282
870 304.50246515524077
872 276.70889006719904
874 292.9511989398059
876 285.8497703483789
878 295.2784399986774
880 312.0369181767631
882 288.5456098194678
884 302.0240530181321
886 295.2878765563962
888 319.7972116523715
890 342.78883995500445
892 344.5814072178437
894 354.5237420377929
896 349.6268772647557
898 363.4038116750686
900 358.159225487742
902 369.3443802087041
904 375.6622078378773
906 371.58489812847574
908 379.1121495922022
910 410.4125465114331
912 414.4136989281464
914 432.4003186064239
916 438.87050791032175
918 477.98530604580617
920 489.7386664301641
922 505.60427497634635
924 539.459249689412
926 575.7712664672792
928 582.977799809951
930 594.8752704356796
932 648.4639863802108
934 641.9155359202658
936 662.1182842593366
938 655.4502899453311
940 626.8925304586108
942 617.5241981760093
944 610.6794355930963
946 568.7554847945429
948 555.7317729844783
950 554.2017693728124
952 531.8467676133347
954 484.1507234808958
956 484.5408365876264
958 481.99602788212167
960 437.5061853610654
962 444.2415711354324
964 434.29103249915175
966 434.383062821969
968 393.30707569784346
970 393.9637483175509
972 377.087601778053
974 398.65118163825355
976 366.28494243850236
978 395.7489318640567
980 360.0804165330095
982 366.1365855416921
984 369.44342846815255
986 371.2013695293035
988 350.2734242520844
990 367.61849346901954
992 378.1899515368224
994 345.21272921538133
996 372.4253614390725
998 360.7843159076988
1000 344.83801794107535
1002 344.88139365968806
1004 360.36518347968945
1006 342.91557429295335
1008 367.90775473203144
1010 364.7913024547477
1012 369.8264503288076
1014 360.00520826066554
1016 356.8526560290392
1018 355.6332239225275
1020 366.05578805541353
1022 365.23373710359584
1024 352.8349588964395
1026 348.63880938052165
1028 362.392090131506
1030 341.7126149464674
1032 338.88030021120517
1034 349.2075917110122
1036 360.2451921233741
1038 373.39232729380717
1040 352.46283310874895
1042 363.4721833945813
1044 366.3272490818224
1046 349.4333384264668
1048 382.41169151263534
1050 353.0422051965039
1052 361.7186210303082
1054 384.4634329313405
1056 356.6169328514643
1058 355.0798467649893
1060 350.6652544842725
1062 361.6221472601426
1064 361.3829087119419
1066 382.0693981038705
1068 353.1514042395365
1070 368.7689739982131
1072 370.67044007828656
1074 365.0126955222258
1076 362.04245532542836
1078 377.30979616999286
1080 370.0326521507248
1082 393.01527214782084
1084 387.72786993926707
1086 386.46691193796806
1088 382.5780421694186
1090 367.6108510045437
1092 402.6485776884701
1094 386.6881820226524
1096 372.0190788691651
1098 399.9808950938901
1100 406.6049335749145
1102 404.595025707218
1104 376.17582607599
1106 386.6616098220457
1108 377.57570598077757
1110 388.1352176466299
1112 385.2693297766832
1114 411.65614217715245
1116 407.38642294026437
1118 399.2817646882946
1120 387.132191961157
1122 391.26623597522797
1124 409.27525087616505
1126 417.1252656256479
1128 424.0046478359918
1130 408.797251102369
1132 429.70062293682093
1134 393.0889720094626
1136 429.1197015980543
1138 427.831899482257
1140 408.09856046572423
1142 408.0040176832778
1144 423.4450460709145
1146 428.8687190531248
1148 412.681271707446
1150 408.1214106453438
1152 407.17125879139627
1154 421.95516249330666
1156 412.8666472323634
1158 425.42000561671466
1160 416.15156567631226
1162 444.6199933713659
1164 411.36129406597325
1166 439.08251123468426
1168 441.56801026221297
1170 454.7614800738016
1172 435.67535541140444
1174 424.6828224360331
1176 430.5037032173741
1178 446.3514265482169
1180 448.93092538035035
1182 448.84275254121263
1184 436.9248292694411
1186 457.26266326392334
1188 451.7008054107594
1190 431.7914464781691
1192 469.03802226825997
1194 445.44276833783584
1196 438.5000535286368
1198 456.13700100871745
1200 453.0932597376085
1202 442.3713975692481
1204 442.3447925881453
1206 463.35839103834456
1208 451.70404081219164
1210 453.0386653876468
1212 478.8392933725916
1214 481.87001402069535
1216 482.82319401494584
1218 469.33802445481564
1220 476.82892878781985
1222 479.5070372055765
1224 477.7992280729623
1226 459.8792758426348
1228 461.0970000540134
1230 486.3136491563741
1232 460.8380099984654
1234 465.1429979423275
1236 481.18078005419545
1238 500.88241547622545
1240 484.26053087084205
1242 495.13492415904443
1244 494.1880205898092
1246 500.5352441654962
1248 471.51330504930314
1250 499.71451379093116
1252 488.4427776416286
1254 511.3133226249913
1256 496.37139830100705
1258 491.4912425752923
1260 517.5463503711926
1262 499.95680243417684
1264 519.0556437553624
1266 512.6563632866769
1268 489.4685758984712
1270 504.1125280080849
1272 499.1028597050628
1274 504.99908217006623
1276 509.96139408872256
1278 512.0508194749632
1280 501.6074529698326
1282 523.0356103777099
1284 499.151710595188
1286 527.1075571632631
1288 537.8747930862204
1290 526.5350611151487
1292 540.7344540267419
1294 529.5504586368559
1296 534.3424627316502
1298 513.378205936333
1300 542.0709953916054
1302 544.5683845102545
1304 534.9086493729023
1306 521.6957979714089
1308 550.7247256930148
1310 548.9820165891017
1312 519.62244683411
1314 559.2106983251599
1316 540.1953185171479
1318 548.269177137054
1320 537.4276341987223
1322 560.5805558945157
1324 535.9560006324282
1326 552.6866084502067
1328 558.0012187281399
1330 545.0986909752976
1332 542.5395455544143
1334 571.5947410437748
1336 547.2673708542787
1338 554.1483175500582
1340 548.0622486300482
1342 545.9567342720508
1344 551.0630450560592
1346 558.6264084385143
1348 585.2926278592845
1350 578.2720743961393
1352 586.3249141383012
1354 565.1292537081689
1356 590.8965227646453
1358 593.6411573199136
1360 586.5747463984286
1362 559.8389249162494
1364 568.9484561953927
1366 594.6715133438234
1368 585.0689395502211
1370 572.8934455657616
1372 569.4786105224745
1374 582.518356190666
1376 593.3444216382652
1378 572.9690496257225
1380 575.0123068315742
1382 597.7784462695669
1384 594.9256592370066
1386 593.2824106850333
1388 594.2004516057166
1390 617.4400535578739
1392 601.3299040673884
1394 607.9468615205291
1396 615.6053715595672
1398 593.3860991328579
1400 625.7920517348646
1402 607.7523700369961
1404 627.2984224767771
1406 595.1700147519874
1408 609.0520810450904
1410 605.3794443063068
1412 618.2580315167812
1414 629.9896186602771
1416 636.4750130093378
1418 642.2375539170662
1420 642.5754143559133
1422 616.4789530821953
1424 618.8419138183411
1426 618.4023582318162
1428 620.5862319124797
1430 625.059529847215
1432 617.7157347783141
1434 654.3971099273801
1436 627.8158402717967
1438 628.7139871305149
1440 659.9134627868639
1442 651.8605162411795
1444 643.2666804683126
1446 657.1796980135547
1448 670.2698537552378
1450 644.0807491271693
1452 666.4959806337301
1454 652.0732194384341
1456 667.1189967631971
1458 651.7232305013353
1460 648.8819183738915
1462 668.2170118826236
1464 662.4197842868826
1466 670.2992437142731
1468 682.7999088728444
1470 687.8334915213292
1472 651.7319555148229
1474 673.4349175484027
1476 655.4908221845994
1478 669.7317645249204
1480 676.7528610051862
1482 675.2523915328123
1484 676.0248047964225
1486 690.5879318086193
1488 702.3897058240294
1490 668.0327148833225
1492 695.0425667035156
1494 675.3661288771561
1496 704.9711734534961
1498 686.7337865632503
