200 30.145633632992016
202 34.73474102509263
204 38.46312222029172
206 41.069677705315634
208 52.31874818096314
210 18.378479817190943
212 53.62619536122726
214 53.54119682160244
216 25.927892370370287
218 26.196198231487536
220 48.28707015448833
222 24.61657264538458
224 45.95829632429803
226 46.87230510814507
228 56.625521512436926
230 33.03614784657379
232 27.78696060792724
234 33.619600260370575
236 53.07548496630615
238 50.20847372597028
240 42.55709927436324
242 59.089344493201935
244 34.08694775328887
246 39.119786099221
248 51.147708809837724
250 24.686186317137818
252 35.496235471810444
254 28.617089675213805
256 48.770019547596384
258 29.896183193817084
260 30.173424690624458
262 45.239198852164634
264 59.29039982511199
266 23.816190783676827
268 60.353375498038965
270 58.87777331734999
272 49.904324421685686
274 32.89709238249965
276 42.30204232583066
278 54.03724118757875
280 44.390052263263016
282 56.68762338228678
284 44.89966576739102
286 63.02212186083469
288 51.86575044418949
290 62.58054527526698
292 31.56818438910676
294 53.475405567534125
296 39.52598033961334
298 67.85678786488988
300 30.225240827714313
302 42.094946600000064
304 47.60848044619711
306 35.051482675213045
308 69.80556154805485
310 31.970344861534507
312 37.86187392789964
314 64.95704775295556
316 40.24410691886971
318 57.03203211740275
320 36.142909774790624
322 64.856049022592
324 56.19978519965107
326 72.5380736208844
328 44.71090223923309
330 47.49040656447845
332 45.355094337239095
334 57.79783624752503
336 50.497129691829045
338 77.59581071585933
340 52.48025864506272
342 41.160381072131365
344 48.882075495481885
346 59.36733110033646
348 78.63382300649837
350 64.4077573639242
352 63.97601787309661
354 58.795537829631236
356 56.03056997740158
358 66.5407960540176
360 55.72142313454262
362 57.77081720456202
364 45.200296640933686
366 69.78862240933191
368 78.19796348351431
370 48.92372365509725
372 51.05568468251717
374 79.93175441776657
376 76.05575639210167
378 60.15215030909246
380 76.97730716695706
382 53.30253872026054
384 52.74501294550316
386 65.73317341623095
388 89.66321965582023
390 56.000827816561426
392 83.76768509898486
394 54.119367930942765
396 66.81739262771391
398 72.6904577595535
400 92.69429209235187
402 57.380564732292314
404 72.55236698829822
406 66.25525037170921
408 65.62911291024511
410 78.6046800621514
412 60.81186499557138
414 70.0713490692449
416 96.99420455046007
418 84.88012861632203
420 87.55925637829581
422 83.04128593978703
424 70.45704315320835
426 75.47023923050082
428 69.37916308617883
430 72.6106451270701
432 67.64388566489335
434 84.42632507362852
436 73.52309543888572
438 79.23337203421421
440 65.66497841400428
442 93.57205358273933
444 104.47149542629217
446 91.98755279784125
448 97.38495593522876
450 89.28348426289318
452 101.00830632263401
454 73.62039799101316
456 86.66208962414538
458 96.4907370981347
460 98.35082389349508
462 74.9723792392484
464 96.04511533510073
466 84.8454180695775
468 82.51032499201759
470 76.1789870323216
472 104.14799271790122
474 81.45861594729428
476 102.34422450063732
478 96.24810025817271
480 111.78203493099888
482 116.38445715321086
484 98.41611069888432
486 106.83154110181835
488 115.07785232735867
490 97.17020277922495
492 114.73469097907994
494 89.48129762411418
496 108.81283518179475
498 109.17880339061828
500 93.90296814756097
502 127.01460051201664
504 105.66283818336234
506 126.27271589805693
508 105.34166635381666
510 112.72557854155261
512 94.05831848450865
514 111.63453174271878
516 100.43079084994405
518 118.13890864228051
520 117.52613899464585
522 136.33140009799584
524 111.38724371903297
526 104.64814411269748
528 142.06960947013872
530 110.61992882737785
532 143.549814836516
534 137.72284366744526
536 110.45572335164132
538 125.13735132916409
540 129.67367690883248
542 122.44869753505043
544 141.97639198543771
546 120.15812655081062
548 121.23429019097986
550 155.54914310728827
552 136.7153129422279
554 129.77239700631068
556 155.4472037865416
558 156.22712199032222
560 127.6561203003009
562 161.59431187815636
564 137.41003191293868
566 146.66809371609088
568 164.21850485257625
570 132.86955515210445
572 149.7629644394945
574 169.51664042574873
576 167.02001527043114
578 176.44107876592778
580 143.45713275672068
582 177.5035473766323
584 151.19725644858582
586 155.62182753779254
588 171.37740230714905
590 182.06006394284557
592 162.23598276455493
594 190.23281526648043
596 169.31409781191866
598 205.7758268047089
600 188.0176953327658
602 190.849154118743
604 193.96262452580117
606 183.843426826881
608 221.14624883345596
610 186.83562105382498
612 217.2829046824155
614 211.60371837156458
616 210.58394729466562
618 229.58263907338022
620 239.05766303817984
622 233.50914888172355
624 219.34983098719908
626 241.8036708717779
628 232.81044931679037
630 236.34117986231092
632 245.804440392285
634 246.17636587615516
636 249.78213762729035
638 251.5559122215791
640 239.37922857261344
642 257.48497957173515
644 247.56617591015208
646 256.2929430080449
648 266.5570548952776
650 283.440564018722
652 284.17107330754936
654 270.7793163248931
656 254.10504050565046
658 270.64821737138254
660 255.47122674178217
662 285.7927496450175
664 262.60563109232135
666 261.6268340300851
668 282.1761817259824
670 275.9146327008707
672 278.6402226346381
674 239.14573782603526
676 261.2581915109923
678 253.92848715843508
680 264.45114683858395
682 232.14714971272542
684 254.39986683265124
686 230.80966793355256
688 261.29771160273515
690 242.94406178402062
692 235.1119006875629
694 233.58127146941342
696 256.65212376663004
698 227.67899535862512
700 231.88679730819237
702 230.24874921166327
704 236.94786653175038
706 235.95149880235607
708 240.61777881283965
710 245.49720805437215
712 224.70169657030908
714 212.10027685635743
716 247.7735980876491
718 236.02650606516886
720 219.6855549253434
722 219.04448718010735
724 215.5619434956883
726 224.71723450523186
728 219.48976624602446
730 223.01760151058943
732 253.07577670656573
734 254.81570124150068
736 231.145114005085
738 236.8860754219279
740 253.99861099177778
742 224.14524390909384
744 239.79934462641924
746 240.7231344721219
748 241.8908249123536
750 274.59091249013574
752 280.7912624604162
754 265.53714844243865
756 269.8849578228257
758 286.46118255433856
760 286.72463935821344
762 293.1999024287612
764 332.1476599421038
766 350.28531978888424
768 390.3463495857874
770 408.86941486970863
772 457.82748672170146
774 526.7385304442536
776 562.916563536073
778 621.881528927958
780 684.7072484660212
782 707.0700015621419
784 696.4190500358582
786 660.8545168090718
788 624.7122681417836
790 543.4192186269123
792 468.374026646735
794 459.5744668965327
796 385.21952322302286
798 371.40372773348525
800 358.98215105310567
802 334.8214436642751
804 307.7508873565316
806 296.2873047232077
808 280.8382165422845
810 300.5350262046753
812 296.0016750360373
814 261.6466101393719
816 277.5002591340764
818 266.7470125697754
820 254.11198102875636
822 265.8091851975872
824 270.2204901618888
826 254.88066085894098
828 275.39839808512795
830 279.5994489406284
832 276.1272010248664
834 265.8406705528687
836 259.0562786648762
838 275.9571175112099
840 280.96123782876083
842 247.34888824908708
844 244.85232581818798
846 263.34874688343837
848 272.11867899308476
850 262.3433628639126
852 243.87314836604602
854 278.03965474105013
856 282.9247475279506
858 280.0073852584283
860 281.47062516187145
862 261.621589930032
864 269.34349364874817
866 264.31136148317495
868 283.26859598822904
870 285.79024354367033
872 256.43947148844825
874 271.00066375181484
876 262.07688496376886
878 269.5224944223928
880 284.11517981906667
882 258.2503328005302
884 269.11897172914854
886 259.5041010414067
888 280.82843096714436
890 300.28572911820606
892 298.1451256445457
894 303.6984098047358
896 293.89092583728984
898 302.1601370364386
900 290.7241386992566
902 294.93547645437246
904 293.3854955635279
906 280.42189820875905
908 277.9082672106422
910 297.86893980186267
912 289.08624656416237
914 292.71125118294344
916 283.14087149100203
918 304.4994955502823
920 296.8550933441279
922 291.9271156325144
924 304.0819876498949
926 318.58883733567177
928 305.03644301171363
930 298.68890088339566
932 338.18675367224665
934 323.25127065583797
936 341.89964280566375
938 340.9345534266964
940 324.94501189879435
942 333.9146009904078
944 349.66213158204926
946 332.98069615648274
948 346.4205135538191
950 371.46530446998304
952 375.0403368188513
954 352.19043360304306
956 376.1529417950844
958 395.89553520838354
960 372.51564381349203
962 399.36514400465734
964 408.75806709091603
966 427.6725190939936
968 405.16104142710117
970 424.39553583027157
972 426.3877248055953
974 467.392733079636
976 455.3283171558744
978 506.2442088643256
980 493.46376354927816
982 524.1145133356067
984 553.955401694763
986 584.3471845086206
988 594.1874184466776
990 644.2696364946357
992 689.0885176131748
994 691.0160798099696
996 752.4639976435119
998 772.5779838864912
1000 783.7310327865107
1002 803.9660436144152
1004 830.8359126185896
1006 814.8761143493793
1008 831.4735272149462
1010 811.1920204650191
1012 792.213854556634
1014 753.8082736433366
1016 719.7024656714101
1018 687.0002453843036
1020 666.7684627098024
1022 637.007609025781
1024 597.8822006051673
1026 569.3793907939535
1028 561.2592180953654
1030 521.033250660156
1032 500.8099143013952
1034 495.70132225836335
1036 493.0518859698915
1038 494.0619750994379
1040 462.36110377402156
1042 463.7980792754337
1044 458.1314871081695
1046 433.63609993899126
1048 459.8190396343548
1050 424.3608689571026
1052 427.5690800960077
1054 445.39136676608416
1056 413.1031637121748
1058 407.54893302138385
1060 399.4928956884312
1062 407.141555277275
1064 403.890286180184
1066 421.828650124819
1068 390.3981935605864
1070 403.71421512752784
1072 403.50331429711264
1074 395.90325681756684
1076 391.14388686215045
1078 404.7603679603652
1080 395.9574229210001
1082 417.5275718907142
1084 410.9305941252606
1086 408.4536536952701
1088 403.434084804893
1090 387.4140399145161
1092 421.47008790287447
1094 404.59319525643264
1096 389.06738195166446
1098 416.2274099515512
1100 422.1001875057332
1102 419.3855694657979
1104 390.30460625118457
1106 400.16830110617104
1108 390.4970081760674
1110 400.5051216107634
1112 397.1193559579302
1114 423.0155549167542
1116 418.2824233132159
1118 409.7396643037066
1120 397.1755698414594
1122 400.91708037253534
1124 418.5540876581931
1126 426.0512746675895
1128 432.59576868446004
1130 417.07027902926484
1132 437.6712963717065
1134 400.7720522260921
1136 436.52904543190687
1138 434.98052576931127
1140 414.99871081669124
1142 414.6672121406599
1144 429.88213413739095
1146 435.089926527841
1148 418.6962437209178
1150 413.9392512431144
1152 412.80056738063763
1154 427.40406743466497
1156 418.14283683101695
1158 430.5307567414062
1160 421.10377021266333
1162 449.4201826957524
1164 416.01566170835144
1166 443.5969338827605
1168 445.94806724502433
1170 459.01247144993516
1172 439.8023187755578
1174 428.6905485472612
1176 434.3967505430525
1178 450.13413480936043
1180 452.6074281763604
1182 452.4169891253
1184 440.40055553980153
1186 460.6434620301624
1188 454.99009599001295
1190 434.99249367078596
1192 472.15394475876155
1194 448.47654656309504
1196 441.4545370517901
1198 459.01491543420855
1200 455.8972131999183
1202 445.1038868252822
1204 445.0082087408862
1206 465.95502491722254
1208 454.23608803365954
1210 455.508231117641
1212 481.248396810916
1214 484.22059262585327
1216 485.11710748656316
1218 471.5770584895265
1220 479.0147986233235
1222 481.6413909664998
1224 479.8836499311811
1226 461.91528900379916
1228 463.08606958118827
1230 488.25718464093825
1232 462.73736808770303
1234 466.9994847324931
1236 482.99565335722787
1238 502.6568869677307
1240 485.99576812644773
1242 496.83205258575174
1244 495.84812525852783
1246 502.1593715505373
1248 473.10246468022694
1250 501.269679821795
1252 489.964890342354
1254 512.8032897992668
1256 497.8300966348612
1258 492.9195189202116
1260 518.9450229654141
1262 501.3266620655598
1264 520.3974548690336
1266 513.9708650404465
1268 490.7564831688347
1270 505.3745323494541
1272 500.33963026471423
1274 506.2112665611404
1276 511.1496192234755
1278 513.2156923603376
1280 502.74956146729653
1282 524.1555239291994
1284 500.2499809168804
1286 528.1847189088121
1288 538.9313644809894
1290 527.571544562893
1292 541.7513366901077
1294 530.548212992988
1296 535.3215471041304
1298 514.3390650045995
1300 543.0140606789466
1302 545.4940748514051
1304 535.8173713622183
1306 522.587946392543
1308 551.6006839309666
1310 549.8421570254687
1312 520.4671312263224
1314 560.040278170443
1316 541.0101354019137
1318 549.0695630723905
1320 538.2139119426131
1322 561.3530392613889
1324 536.7149947906065
1326 553.4324102077978
1328 558.7341168078825
1330 545.8189662788498
1332 543.2474714165489
1334 572.2905834769228
1336 547.9513887838395
1338 554.8207630408752
1340 548.7233671044302
1342 546.6067647196986
1344 551.7022202362435
1346 559.2549550748295
1348 585.9107668272919
1350 578.8800209041964
1352 586.9228779018601
1354 565.7174391178129
1356 591.475129048122
1358 594.2103786984098
1360 587.1347722373201
1362 560.3899398705508
1364 569.4906403501183
1366 595.2050423494646
1368 585.5939847535338
1370 573.4101741360498
1372 569.987185573547
1374 583.0189368986362
1376 593.8371633553554
1378 573.4541039902291
1380 575.4898218741405
1382 598.248566515906
1384 595.38852580721
1386 593.7381613895949
1388 594.6492210383963
1390 617.8819731855203
1392 601.7651023168336
1394 608.3754638626655
1396 616.0275005907102
1398 593.8018746534962
1400 626.2015908258913
1402 608.155787133516
1404 627.6958294395754
1406 595.5615209367469
1408 609.437793369437
1410 605.7594673147614
1412 618.6324674436927
1414 630.3585674908093
1416 636.8385725385779
1418 642.5958198073204
1420 642.9284801922556
1422 616.8269104263283
1424 619.1848522608273
1426 618.7403654427379
1428 620.9193936905805
1430 625.387930167574
1432 618.0394558386054
1434 654.716232192763
1436 628.1304425184842
1438 629.0241464880658
1440 660.2192547792388
1442 652.1620148266051
1444 643.563958077991
1446 657.4728255892579
1448 670.5589007858237
1450 644.3657836840532
1452 666.7770694053487
1454 652.350427763731
1456 667.3923886641652
1458 651.992868714644
1460 649.1478643816293
1462 668.4793259421838
1464 662.6785254600193
1466 670.554469895355
1468 683.0516768163304
1470 688.0818568684905
1472 651.9769728197363
1474 673.6766403032358
1476 655.7293028442123
1478 669.9670545308029
1480 676.9850108087517
1482 675.4814506180686
1484 676.2508217020384
1486 690.8109541494043
1488 702.6097803118466
1490 668.2498873474486
1492 695.2568821104687
1494 675.5776313500032
1496 705.1799062906586
1498 686.9397922568214
