200 30.88571965230883
202 35.48176808517647
204 39.21718457890608
206 41.83087129960485
208 53.08717066457965
210 19.154230598404254
212 54.40937564204483
214 54.33190963793391
216 26.72624263326743
218 27.002292769493394
220 49.10101775713045
222 25.438484107848176
224 46.78828449331662
226 47.710484929146894
228 57.4720100779875
230 33.89106444615591
232 28.65042677910155
234 34.49173984136121
236 53.95642415005777
238 51.09834111572445
240 43.45602594080386
242 59.99746403322129
244 35.00439635042796
246 40.04670258583959
248 52.08423473107181
250 25.632465996704386
252 36.452416079721644
254 29.583321297465066
256 49.74645525789551
258 30.882979127423933
260 31.170740120373523
262 46.24719626674569
264 60.30924500968692
266 24.846052902913815
268 61.394427181648446
270 59.93019074821019
272 50.968287426648885
274 33.972784525974426
276 43.38965100623854
278 55.13695773678837
280 45.502072049108634
282 57.81214591428265
284 46.036894805757434
286 64.17226552895664
288 53.02902134463369
290 63.75716060948827
292 32.758366080980494
294 54.67938039085687
296 40.74398004972028
298 69.08904933454356
300 31.472006187426082
302 43.356463382952455
304 48.88500173794276
306 36.343267268333236
308 71.11287410196896
310 33.29345606765989
312 39.20106068037034
314 66.31259332511756
316 41.616301145779914
318 58.42117158456951
320 37.54929801340378
322 66.27999671150212
324 57.641610374369165
326 73.99810188988582
328 46.189467007862326
330 48.987849266765636
332 46.87176467595282
334 59.33409244280187
336 52.053338738735846
338 79.17234865126125
340 54.07751082418771
342 42.77874245524047
344 50.52195094507428
346 61.02913568933904
348 80.31798233791145
350 66.11470790241769
352 65.70620728907582
354 60.549425356316426
356 57.80862678149295
358 68.34350562054543
360 57.549281666532835
362 59.624334038178866
364 47.079994676794904
366 71.69503856072738
368 80.13164914229651
370 50.88524517605125
372 53.04562388706056
374 81.95070911787309
376 78.10434093538993
378 62.23099614607044
380 79.08706344146586
382 55.44387288421628
384 54.91861139909519
386 67.93974217479669
388 91.9034850446836
390 58.27553719519169
392 86.0776076159074
394 56.465295310912495
396 69.20013999274546
398 75.11086448549186
400 95.15322270276141
402 59.87890983154273
404 75.09104423583253
406 68.83520549959249
408 68.25132078621338
410 81.27014580050795
412 63.52162511841471
414 72.82647272065756
416 99.79579476644209
418 87.72932365341754
420 90.45723110403638
422 85.98925328826259
424 73.4562556492751
426 78.52199058634811
428 72.48478987420305
430 75.77152853324534
432 70.86145332708571
434 87.7020530095763
436 76.85851006886045
438 82.6300523036916
440 69.12455802200812
442 97.09622332187917
444 108.06200564089733
446 95.64621596700226
448 101.11364938799355
450 93.08415303333155
452 104.8829661529837
454 77.57113849165376
456 90.6910775997174
458 100.60022004973204
460 102.54313370751234
462 79.24993607416367
464 100.41043171822295
466 89.30110321658766
468 87.05908936299024
470 80.82364713882946
472 108.89147619678661
474 86.30396691774031
476 107.2946092222938
478 101.30681310929141
480 116.95250472681573
482 121.67025382618239
484 103.82095236384943
486 112.35930153071834
488 120.73256885981435
490 102.95608469704516
492 120.65612837466603
494 95.54287079473566
496 115.01932458384638
498 115.53520019023344
500 100.41448540635373
502 133.68668504925753
504 112.50118315856193
506 133.28327416073645
508 112.53066461018334
510 120.09953239086157
512 101.62404838107676
514 119.39917994284045
516 108.40183940632821
518 126.32419851205174
520 125.93389033039635
522 144.97023379479077
524 120.2662042935986
526 113.7767239941844
528 151.4577747847511
530 120.2781467616781
532 153.48908266619574
534 147.9547195396196
536 120.99235890903974
538 135.9915262636818
540 140.8588355294296
542 133.97898743052545
544 153.86670485565773
546 132.42414126994242
548 133.89251815240374
550 168.6169758813092
552 150.21107225337585
554 143.71538700568317
556 169.85776555479697
558 171.12669015680422
560 143.0672816012803
562 177.54086539985298
564 153.9170506699753
566 163.7619870999967
568 181.92708134407167
570 151.22208452077984
572 168.7902384501969
574 189.25103082700048
576 187.49552755047546
578 197.69339982005545
580 165.5236702086376
582 200.42345783008255
584 175.0114594070189
586 180.37300111447172
588 197.10995615271332
590 208.8200840422752
592 190.0711419061126
594 219.1922420741364
596 199.4481962827375
598 237.13603733993
600 220.6561873497244
602 224.81843955643643
604 229.31508101291567
606 220.63071910212346
608 259.4186373636673
610 226.64114789101424
612 258.66644867450765
614 254.60591515394702
616 255.23997430481973
618 275.92087238586515
620 287.0982212763002
622 283.2623498572061
624 270.8145988772592
626 294.9659452087735
628 287.64166103133
630 292.79687288245407
632 303.82312826866064
634 305.6787196850479
636 310.67060199745106
638 313.71483890929926
640 302.67560029660444
642 321.7697704860007
644 312.67636009629905
646 322.0541211214495
648 332.7866253809625
650 349.951323867635
652 350.77509918379496
654 337.29195453483715
656 320.3488267977647
658 336.4565560707557
660 320.6916821586526
662 350.2898380007159
664 326.2630439537654
666 324.349069462807
668 343.8896023919441
670 336.5680072507005
672 338.20483567322583
674 297.61517365256066
676 318.6479082652319
678 310.27530246756965
680 319.81275570553464
682 286.60179265825775
684 308.04626367747255
686 283.76733247217396
688 313.7077670729123
690 294.9706887847434
692 286.94457058427975
694 285.43795243085253
696 308.78369746277247
698 280.3751956356156
700 285.48408582962395
702 285.1406885806697
704 293.59875526735954
706 294.9143183267478
708 302.55790367787563
710 311.2238930616112
712 295.21013880592886
714 288.62812855531814
716 331.8772396319929
718 329.6841611618085
720 325.43615320626293
722 340.1719782219091
724 356.3313950439468
726 390.6532627911481
728 417.6398884986821
730 462.0212327774566
732 542.5972370006109
734 603.4768067385784
736 641.8738273425744
738 699.9697806947972
740 742.5802689417869
742 700.0213544564763
744 668.8190675806302
746 604.47502034061
748 537.5442701354476
750 508.20723608524884
752 461.25416462887677
754 401.266626861179
756 367.6023930892785
758 350.94477067379256
760 320.90842454837275
762 298.3190024337265
764 307.814663881117
766 294.4640891609482
768 299.2335197837063
770 276.7498613485799
772 277.09253939190614
774 288.51651683344693
776 259.1861531172891
778 250.15578938660957
780 255.0029244897616
782 246.42583517754233
784 243.105516466532
786 248.97630187475224
788 272.5171667234978
790 253.44594128629785
792 234.1230421938328
794 271.5504555625171
796 234.1788225858058
798 249.53537105570155
800 260.07814602937964
802 254.0760514841462
804 241.4774680590728
806 241.6580817506757
808 235.67441064619726
810 263.1465048887893
812 265.0672320797966
814 236.12531340227636
816 256.56583477014306
818 249.73909829117636
820 240.49969549012567
822 255.163710114809
824 262.1942831518438
826 249.191581555781
828 271.8175051582771
830 277.9415646498272
832 276.24358246254485
834 267.6133010926394
836 262.3934193615757
838 280.78985031596955
840 287.24080033223555
842 255.04465016813535
844 253.95029549020032
846 273.85052511461765
848 284.0408002286384
850 275.71698163119606
852 258.744043628496
854 294.4685371965322
856 300.9878657574891
858 299.7974365789347
860 303.09798653604446
862 285.21589372173173
864 295.055582687443
866 292.3156680398078
868 313.7659999870616
870 319.01147660766793
872 292.64914496399933
874 310.5020100107615
876 305.2173107200814
878 316.7000501651458
880 335.78604671479604
882 314.9374108649058
884 331.42160987393737
886 328.1089235697663
888 356.5210594775847
890 383.9629329969381
892 390.82649870019964
894 406.5359813551264
896 408.1740625531926
898 429.3115534163244
900 432.28071138832684
902 452.50488020075215
904 468.5668119246892
906 474.67635147169915
908 492.3673369070074
910 533.0749527268636
912 544.6795660063535
914 567.1104785713519
916 573.3019209620497
918 605.8657687038592
920 603.5935911161716
922 597.4652393785392
924 601.8402836261147
926 602.7136501736253
928 570.9364417781883
930 543.2707258413927
932 559.804525522542
934 521.4647843271925
936 517.153453228351
938 494.2437884105216
940 457.63429567179423
942 447.42416730158584
944 445.4161822659053
946 412.305198099295
948 410.49652127931444
950 421.3058799280583
952 411.4819908739614
954 375.89267607322944
956 387.6016337065329
958 395.4072598253109
960 360.2413518276494
962 375.2920102944657
964 372.7089369471255
966 379.302614635437
968 343.95182011196874
970 349.6458090036842
972 337.20242212485533
974 362.67011673478055
976 333.747108735404
978 366.2531243097333
980 333.2775262348815
982 341.7227204298825
984 347.1538031694185
986 350.804953829351
988 331.56829932425256
990 350.4278468569555
992 362.3586364907032
994 330.6043156939945
996 358.9196114385716
998 348.2750227049002
1000 333.23115616257394
1002 334.093534161936
1004 350.3221335266078
1006 333.5512093138265
1008 359.16301300863347
1010 356.6133184562615
1012 362.16780614778264
1014 352.8232857754607
1016 350.1090751013519
1018 349.29335420193627
1020 360.08832386893926
1022 359.6103265122032
1024 347.52987934980854
1026 343.62868353704954
1028 357.65563636685636
1030 337.230427880149
1032 334.6346572610294
1034 345.18228226025917
1036 356.42536637214846
1038 369.76436227861234
1040 349.01421372462596
1042 360.1913965521505
1044 363.20368938549774
1046 346.45722397689195
1048 379.5739886217874
1050 350.33456096276086
1052 359.1333028571295
1054 381.9932741904654
1056 354.2552839925487
1058 352.82053126078324
1060 348.50252907581705
1062 359.5506660317501
1064 359.3976905823649
1066 380.16579736929214
1068 351.3250838468744
1070 367.0158812645979
1072 368.9867846052211
1074 363.3949290814886
1076 360.4872535188087
1078 375.81404168690574
1080 368.5934194670572
1082 391.629813526352
1084 386.3936026069857
1086 385.18140632883154
1088 381.3390111327939
1090 366.4161398899177
1092 401.4961552261951
1094 385.57613192863914
1096 370.94559210867453
1098 398.944262746023
1100 405.6035402451389
1102 403.6273434404013
1104 375.24040872697987
1106 385.75708784493844
1108 376.7007816016823
1110 387.2886603880207
1112 384.4499723043862
1114 410.8628764436628
1116 406.61819660047576
1118 398.537577765869
1120 386.4110937457012
1122 390.5673221321872
1124 408.59766075292475
1126 416.468179738759
1128 423.36728552572816
1130 408.1788683419937
1132 429.10051028500004
1134 392.5064526952267
1136 428.55412972858414
1138 427.2826583645627
1140 407.56506103401335
1142 407.485697024465
1144 422.94136604132746
1146 428.3791649800087
1148 412.20535116937015
1150 407.6586523260703
1152 406.72121140219053
1154 421.5173937590512
1156 412.4407429371879
1158 425.0055687051764
1160 415.74821540645684
1162 444.2273645162676
1164 410.97903616060444
1166 438.7102878651915
1168 441.2054983948882
1170 454.408369421229
1172 435.33134783344525
1174 424.3476313734714
1176 430.17705315620134
1178 446.03305251267113
1180 448.62057245295665
1182 448.5401754081904
1184 436.62979178995414
1186 456.97493806175135
1188 451.42017348706486
1190 431.5176968441195
1192 468.77095159634894
1194 445.18218063082065
1196 438.24575980507996
1198 455.8888190041859
1200 452.8510136206437
1202 442.1349176712764
1204 442.11391514655077
1206 463.1329579519741
1208 451.48389940860915
1210 452.8236682014929
1212 478.6292979344474
1214 481.6648826558825
1216 482.6227936517324
1218 469.1422264415266
1220 476.6376087183818
1222 479.3200747530544
1224 477.61650683067177
1226 459.70068317243704
1228 460.92242694142385
1230 486.14299007213646
1232 460.6711627662623
1234 464.979863612319
1236 481.02126278209215
1238 500.72642240762184
1240 484.1079720305482
1242 494.98571234517146
1244 494.04207127237555
1246 500.39247538933483
1248 471.37363734106265
1250 499.57787006997387
1252 488.30908313463965
1254 511.18250478412364
1256 496.2433867253944
1258 491.36596893577325
1260 517.4237483380965
1262 499.8368076080286
1264 518.9381936003731
1266 512.5413970668917
1268 489.35603461645536
1270 504.0023543460301
1272 498.9949979682087
1274 504.89347823233044
1276 509.85799534044304
1278 511.9495747726587
1280 501.50831258789214
1282 522.9385259619283
1284 499.0566351180659
1286 527.0144448809951
1288 537.7835994973003
1290 526.4457429205206
1292 540.6469690914336
1294 529.4647659530293
1296 534.2585223830118
1298 513.2959790638455
1300 541.9904441604473
1302 544.4894720779758
1304 534.8313398587266
1306 521.6200564266354
1308 550.6505180724756
1310 548.9093097236307
1312 519.5512084039833
1314 559.1408968344684
1316 540.1269232690651
1318 548.2021582099629
1320 537.3619624231687
1322 560.5162028309531
1324 535.892938549726
1326 552.6248103048896
1328 557.9406581443322
1330 545.0393422253437
1332 542.4813835401495
1334 571.5377412784228
1336 547.211509444951
1338 554.0935711808324
1340 548.0085945456046
1342 545.9041502618444
1344 551.0115094390097
1346 558.5759000481924
1348 585.2431260295779
1350 578.2235589473795
1352 586.2773653638359
1354 565.0826523613614
1356 590.8508500462875
1358 593.5963948660369
1360 586.5308762684979
1362 559.7959295817276
1364 568.906318528661
1366 594.6302166074469
1368 585.0284673865447
1370 572.8537819868277
1372 569.4397399002485
1374 582.4802632475611
1376 593.3070914379538
1378 572.9324675642267
1380 574.9764586286248
1382 597.7433179602202
1384 594.8912371635134
1386 593.2486814889484
1388 594.1674022202424
1390 617.4076712004304
1392 601.2981762324007
1394 607.9157759724263
1396 615.5749163259853
1398 593.3562624980395
1400 625.76282223325
1402 607.723736446998
1404 627.2703738147347
1406 595.1425402662925
1408 609.0251702104805
1410 605.3530868183202
1412 618.232217286368
1414 629.9643378085624
1416 636.4502558625309
1418 642.2133110015114
1420 642.5516763932794
1422 616.455710984797
1424 618.8191586845894
1426 618.3800813417946
1428 620.5644247236409
1430 625.0381839901942
1432 617.6948420528568
1434 654.37666229838
1436 627.7958298654395
1438 628.6944062305266
1440 659.8943038308589
1442 651.841771817106
1444 643.2483433109919
1446 657.1617610013135
1448 670.2523099066275
1450 644.0635915977724
1452 666.4792027130501
1454 652.0568145468657
1456 667.1029584490763
1458 651.7075524380648
1460 648.8665943571408
1462 668.2020358276008
1464 662.405150225676
1466 670.2849457932609
1468 682.7859413501699
1470 687.8198487644403
1472 651.7186319980734
1474 673.4219078507144
1476 655.4781209871824
1478 669.7193666090503
1480 676.7407612500372
1482 675.2405849133437
1484 676.0132863813174
1486 690.5766967582742
1488 702.3787493885936
1490 668.0220324007846
1492 695.0321535978377
1494 675.3559806564527
1496 704.9612857082576
1498 686.7241549646088
