200 30.810649370474245
202 35.406002572955394
204 39.14071442333681
206 41.75368691995247
208 53.00926230862185
210 19.07558833861884
212 54.32998937169585
214 54.25176906705326
216 26.645337284528598
218 26.92061197397419
220 49.018550649960986
222 25.35521962374068
224 46.704211361973194
226 47.62559167054146
228 57.38628499751785
230 33.80449562966169
232 28.563002087743893
234 34.40344690635954
236 53.86725036727913
238 51.00827364012051
240 43.36505168069062
242 59.90556964439645
244 34.911568230120274
246 39.95292686648496
248 51.98949727391009
250 25.536752385191008
252 36.355711612747804
254 29.48561098238001
256 49.64772380332411
258 30.783210935872688
260 31.069919280617626
262 46.14530654598967
264 60.20626984549101
266 24.741975394877834
268 61.28923008284483
270 59.82385645635726
272 50.86079797501529
274 33.864121574005026
276 43.27979582989212
278 55.02589121857656
280 45.38977466782546
282 57.69859773441348
284 45.9220754665557
286 64.05615423317613
288 52.911596846903905
290 63.63840120431952
292 32.63824959038522
294 54.55788415157266
296 40.62108090001986
298 68.9647236006162
300 31.346229669314027
302 43.22921134002582
304 48.756248873894904
306 36.21298771567844
308 70.98104140602311
310 33.16004316998413
312 39.066039901656765
314 66.1759363474951
316 41.47797899451752
318 58.2811546091528
320 37.40755586796021
322 66.13649833454863
324 57.49632396785489
326 73.85099489750162
328 46.04050609258709
330 48.83700028761814
332 46.71899266391673
334 59.17936157588938
336 51.896612316154446
338 79.01358906664592
340 53.91667953785945
342 42.61579996544982
344 50.356856758186936
346 60.86184828891825
348 80.1484591526497
350 65.94290527286819
352 65.5320804331314
354 60.37292833338136
356 57.62971245528993
358 68.16212562049782
360 57.36538634765837
362 59.43787243942873
364 46.890914477767915
366 71.50328603668599
368 79.93716911740734
370 50.68798097476882
372 52.84551728356897
374 81.74770028349548
376 77.89836838387129
378 62.02199667663403
380 78.87497207953841
382 55.22862281971133
384 54.70013392213821
386 67.71796660876925
388 91.67833867645713
390 58.04694520241438
392 85.84549299120035
394 56.229578782823
396 68.96073994329728
398 74.86769686416304
400 94.90620093671089
402 59.62794473189665
404 74.83604389983078
406 68.57607520838422
408 67.98796289807821
410 81.00245963926692
412 63.249506856780975
414 72.54981525826226
416 99.51448760225549
418 87.4432527522687
420 90.1662787569172
422 85.69329796608298
424 73.15517184971642
426 78.21564867344013
428 72.17305591022745
430 75.454264102544
432 70.53851535132638
434 87.37329355400051
436 76.52377613900906
438 82.28918563207156
440 68.77739484413074
442 96.74259414106382
444 107.70173498119632
446 95.27912211356144
448 100.73954411411901
450 92.70284131348635
452 104.49424586088756
454 77.17480008260573
456 90.28690377620333
458 100.18798540931746
460 102.12260437195555
462 78.82086929861342
464 99.97257547928946
466 88.8541957779954
468 86.60285881743434
470 80.3578109245653
472 108.41574058738321
474 85.81802648332263
476 106.79814626048551
478 100.79949704394924
480 116.43399147251672
482 121.14018511628737
484 103.27895503981851
486 111.80498679019641
488 120.16553146083669
490 102.37590211553373
492 120.06235991219673
494 94.93505663335314
496 114.39698478448773
498 114.89783363109325
500 99.76156865728048
502 133.01767117801506
504 111.8155004645202
506 132.580324831271
508 111.80982329476622
510 119.36014468751478
512 100.86542922953726
514 118.6206119184516
516 107.60257090833007
518 125.50344183959405
520 125.09081963924672
522 144.1039829273611
524 119.37586447457178
526 112.86134138369704
528 150.51634788078817
530 119.3096236430707
532 152.49235806740276
534 146.92863174833167
536 119.93568647759597
538 134.90298452536192
540 139.73707291091057
542 132.82258155221388
544 152.67415841227734
546 131.1938776847287
548 132.62287699961075
550 167.30620807355047
552 148.85733499271035
554 142.31673850044047
556 168.41215950806384
558 169.63197003744224
560 141.52117471452016
562 175.94097678215832
564 152.260856842274
566 162.0468297248705
568 180.15016084645669
570 149.38045374859826
572 166.8807964716035
574 187.27051698513708
576 185.4405159253809
578 195.56029428132382
580 163.30870028222066
582 198.1226756489618
584 172.62073806894165
586 177.88803483106216
588 194.52626264332577
590 206.13300970292016
592 187.27587036810866
594 216.2838068575623
596 196.4214983439938
598 233.9858684071484
600 217.3772600289912
602 221.4054252682213
604 225.76265687141048
606 216.9336248669435
608 255.57174355659947
610 222.63953605969184
612 254.50550457626758
614 250.2814353006371
616 250.74828582655135
618 271.2589655149553
620 282.2638929054499
622 278.25435558505495
624 265.6328097369729
626 289.6115039265663
628 282.1171312622366
630 287.10637354016404
632 297.97244396327085
634 299.67537759551
636 304.5239054338156
638 307.4358485453928
640 296.2770557033549
642 315.26594720137166
644 306.0828609333752
646 315.3876044998301
648 326.0644777899198
650 343.19128765741243
652 343.9948702298211
654 330.5087664793076
656 313.5790392315745
658 329.7152630600523
660 313.9923550461101
662 343.64401271915165
664 319.68005861089614
666 317.83585317444135
668 337.4505117066526
670 330.20470236854385
672 331.91618521526107
674 291.39717402923543
676 312.49360161719306
678 304.1746754898627
680 313.75260010546583
682 280.56550616415177
684 302.0135679825235
686 277.71388077573414
688 307.6046083917286
690 288.7835482255758
692 280.632893345924
694 278.95364313637236
696 302.0694636835594
698 273.36237255047587
700 278.0897741176458
702 277.26397448082446
704 285.1156925071267
706 285.67122532900976
708 292.362350829833
710 299.83250362452895
712 282.311978990569
714 273.8219954561472
716 314.6405721819099
718 309.3306873967908
720 301.0590876537529
722 310.5706127058514
724 319.9240122241995
726 345.39526186950286
728 361.00856928995995
730 391.2292268470188
732 455.3975031339369
734 500.19466136384585
736 529.2139161619608
738 595.3389775256157
740 673.2172042660691
742 690.1911822962866
744 721.8229891174402
746 699.8429579504652
748 647.0899291884546
750 611.5864347399121
752 549.4220572158233
754 472.72255256871324
756 424.2001844464647
758 395.44197272504283
760 355.9233393463734
762 326.0138225024267
764 329.87453828102116
766 312.1706993782126
768 313.55365809118905
770 288.4128858030592
772 286.6512181728507
774 296.39269774239415
776 265.70437756927896
778 255.56786559265686
780 259.5058927300879
782 250.17515345775323
784 246.22479691165861
786 251.56455221696393
788 274.6542182370707
790 255.19654986809752
792 235.54001150221922
794 272.67703371336347
796 235.05055486701224
798 250.18154197069248
800 260.52290878022063
802 254.33931762667015
804 241.57561163336595
806 241.60449870720342
808 235.479964447527
810 262.81988178093457
812 264.61522399512035
814 235.55304227774567
816 255.87692888120353
818 248.93582875238556
820 239.58307916896604
822 254.13358370485415
824 261.04935195159635
826 247.92944552170536
828 270.4346639850421
830 276.43340293109213
832 274.60433536483833
834 265.836000402735
836 260.4698192185429
838 278.7103313899488
840 284.9942506416671
842 252.6183201148725
844 251.32962401640322
846 271.0189331240748
848 280.9794465438041
850 272.4044757489298
852 255.15610836266748
854 290.5776129220385
856 296.76264636351794
858 295.20232536491187
860 298.0924581101801
862 279.75374546756296
864 289.084056546982
866 285.77442026094275
868 306.5858932061383
870 311.11316541496035
872 283.94142336164407
874 300.87988768385753
876 294.5597861052113
878 304.8675540829859
880 322.61754436830887
882 300.2471779647988
884 314.9957495116992
886 309.70177818392796
888 335.8518181795987
890 360.71297037910495
892 364.63835254282367
894 377.01544489324397
896 374.89770707668276
898 391.84318144416204
900 390.2017935740819
902 405.4658208524462
904 416.3674298294884
906 417.3840724918406
908 430.4779968438351
910 467.7103045692718
912 477.7938532603961
914 501.6452915628521
916 513.1931782720819
918 555.7936702777037
920 568.4104190897367
922 581.3547105142355
924 607.4192961110507
926 630.3871807751957
928 618.7662456960261
930 607.417454932893
932 635.3641604241685
934 603.3879012848461
936 600.97074822034
938 576.466872459891
940 535.8499710385634
942 520.1827960201626
944 512.0251474676081
946 472.6086701394906
948 464.6850917432264
950 469.7709900518379
952 454.71384246360907
954 414.4135644744759
956 421.9253665444875
958 426.01650399579034
960 387.5766496829525
962 399.7480194152787
964 394.6348987998765
966 399.00511617425377
968 361.6986421323527
970 365.6701384199885
972 351.70701574317127
974 375.8311980228275
976 345.717896882383
978 377.1669640313941
980 343.2506255151934
982 350.856523483587
984 355.53703485463495
986 358.515374230829
988 338.6742061604315
990 356.9893604906057
992 368.42879868070065
994 336.2300294083226
996 364.1424453784766
998 353.13190082687504
1000 337.7549494925544
1002 338.31356958466864
1004 354.26463198353656
1006 337.23966392209314
1008 362.6185159837872
1010 359.8548443437058
1012 365.2124577068543
1014 355.68650788290995
1016 352.8048412193548
1018 351.83432926500575
1020 362.48600686318224
1022 361.875175531505
1024 349.67142150172987
1026 345.6556117239329
1028 359.5758946743582
1030 339.05128705736774
1032 336.36278156627947
1034 346.82378876825015
1036 357.9858776867774
1038 371.24905346653554
1040 350.42785417469537
1042 361.5383873717257
1044 364.4880968641033
1046 347.6828095786059
1048 380.7442359083858
1050 351.45269979854083
1052 360.202331202263
1054 383.0159777516637
1056 355.2342539668642
1058 353.75818037980974
1060 349.40110613273896
1062 360.41226905210766
1064 360.2242787805974
1066 380.959202016705
1068 352.0870181623263
1070 367.7479494266394
1072 369.6904899733968
1074 364.071681704835
1076 361.13837700106944
1078 376.44077947048174
1080 369.19694059109617
1082 392.2112179085334
1084 386.9539258933864
1086 385.7216243516754
1088 381.86004401182356
1090 366.91885580951543
1092 401.98137391716944
1094 386.04462788073084
1096 371.398097537289
1098 399.381470334415
1100 406.0261056812422
1102 404.03588776567454
1104 375.63552051300576
1106 386.13932521205214
1108 377.07067409258707
1110 387.6467107081705
1112 384.79665793984776
1114 411.19865116621463
1116 406.94349186883494
1118 398.85280403115814
1120 386.71664166856226
1122 390.863563718311
1124 408.88495041318816
1126 416.7468552796387
1128 423.6376690751839
1130 408.4412672155849
1132 429.35521779660655
1134 392.75374891638853
1136 428.7942822001509
1138 427.51592276404847
1140 407.791681801782
1142 407.70590795162576
1144 423.1553908219962
1146 428.5872177303852
1148 412.40763691589143
1150 407.85536746473196
1152 406.91254413096726
1154 421.70352448520435
1156 412.62184466111574
1158 425.18180738233974
1160 415.9197502888019
1162 444.3943484744649
1164 411.14161598832726
1166 438.86860456657064
1168 441.35968745619925
1170 454.55856106779487
1172 435.47766727266736
1174 424.49019902484014
1176 430.31598486907876
1178 446.1684597725846
1180 448.75256257709077
1182 448.6688517307218
1184 436.7552538378271
1186 457.09728172145606
1188 451.5394911629401
1190 431.63407760867113
1192 468.88448133304036
1194 445.2929421697647
1196 438.3538330520332
1198 455.99428106322137
1200 452.9539389108533
1202 442.23537803783506
1204 442.2119799664505
1206 463.2286942347197
1208 451.57737189214834
1210 452.91493944363754
1212 478.71842840002614
1214 481.7519307998529
1216 482.7078159984639
1218 469.22527766045613
1220 476.7187416962308
1222 479.39934066278437
1224 477.69395519734604
1226 459.77636193614757
1228 460.99638251743056
1230 486.2152674083602
1232 460.74180539826415
1234 465.0489137158904
1236 481.0887612235744
1238 500.7924087920661
1240 484.1724847478222
1242 495.0487886141111
1244 494.1037471830776
1246 500.45278594367807
1248 471.4326164915429
1250 499.63555075693245
1252 488.36549732196073
1254 511.23768349347233
1256 496.2973600690634
1258 491.4187661482025
1260 517.4753978061265
1262 499.8873368999456
1264 518.9876294938011
1266 512.5897655755833
1268 489.4033610160304
1270 504.0486631987098
1272 499.0403131465899
1274 504.9378229422418
1276 509.9013921429239
1278 511.99204560509867
1280 501.54987878436845
1282 522.9792082727748
1284 499.0964537287071
1286 527.0534194300769
1288 537.8217490941466
1290 526.4830861619455
1292 540.6835240779342
1294 529.5005503043878
1296 534.293553253329
1298 513.3302731560302
1300 542.024017740185
1302 544.5223409871958
1304 534.8635195285899
1306 521.6515618900621
1308 550.6813639762302
1310 548.9395103399829
1312 519.5807776419624
1314 559.169848250726
1316 540.1552700783619
1318 548.2299132952959
1320 537.3891383455497
1322 560.5428118388561
1324 535.9189925882126
1326 552.650321024428
1328 557.9656369093182
1330 545.0638001223381
1332 542.5053313858416
1334 571.5611896273296
1336 547.2344685968628
1338 554.1160511880148
1340 548.0306052197643
1342 545.9257011808696
1344 551.032609953492
1346 558.5965592877388
1348 585.2633529089205
1350 578.2433621722901
1352 586.2967534368526
1354 565.1016335873348
1356 590.8694325377515
1358 593.6145865484118
1360 586.5486848851301
1362 559.8133626987742
1364 568.9233835398223
1366 594.6469207385533
1368 585.0448177000031
1370 572.8697853859321
1372 569.4554031333598
1374 582.4955929121595
1376 593.3220939845701
1378 572.9471493002552
1380 574.9908257220216
1382 597.7573764430928
1384 594.9049929356024
1386 593.2621403210072
1388 594.180569757318
1390 617.4205529650471
1392 601.3107776276514
1394 607.9281022849744
1396 615.5869727289792
1398 593.3680540539434
1400 625.7743538965937
1402 607.735013067048
1404 627.2814001380889
1406 595.1533209394016
1408 609.0357097820986
1410 605.3633897418856
1412 618.2422879223184
1414 629.9741804265841
1416 636.4598746437468
1418 642.2227100406079
1420 642.560859700574
1422 616.4646824882501
1424 618.8279222317605
1426 618.3886407017449
1428 620.5727835887844
1430 625.0463459780996
1432 617.7028107079989
1434 654.3844410938458
1436 627.8034222045874
1438 628.7018154486025
1440 659.9015331965679
1442 651.8488245341439
1444 643.2552225195358
1446 657.1684697794722
1448 670.2588512718556
1450 644.0699685082466
1452 666.4854180690094
1454 652.0628711919176
1456 667.1088591714687
1458 651.7132999719257
1460 648.8721913836856
1462 668.2074849763092
1464 662.4104540754387
1466 670.2901068734972
1468 682.7909621419174
1470 687.8247317014165
1472 651.7233794677113
1474 673.4265221951719
1476 655.4826045043258
1478 669.7237215534151
1480 676.7449898337632
1482 675.244689307088
1484 676.0172687151451
1486 690.5805591225266
1488 702.3824938347354
1490 668.0256609422306
1492 695.0356682107596
1494 675.3593832805658
1496 704.9645782475889
1498 686.7273392882466
