200 30.24650689772777
202 34.83657623673568
204 38.565932495257805
206 41.17347639369298
208 52.42354887167182
210 18.48429634327843
212 53.73304180530442
214 53.64908752142429
216 26.036841924566026
218 26.306221505444476
220 48.39818228639456
222 24.728789052435314
224 46.07163270907092
226 46.98677746514965
228 56.74114613484395
230 33.152941333130066
232 27.90493987006195
234 33.7387825294993
236 53.19588780133898
238 50.33011502103069
240 42.67999726672451
242 59.21351777144842
244 34.21241526570943
246 39.24656716244235
248 51.27582311770561
250 24.815653949854422
252 35.62707690533651
254 28.749325790944518
256 48.903671642320255
258 30.03127298996746
260 30.30997434683369
262 45.37723097413135
264 59.42993747679221
266 23.95725749881027
268 60.49599529202214
270 59.021970699468284
272 50.050124407717064
274 33.04452050770318
276 42.451124658333455
278 54.18800434217559
280 44.54252341564353
282 56.84183028370556
284 45.0556367597967
286 63.17988589247476
288 52.02533708570829
290 62.74198473631493
292 31.73150753547986
294 53.640643938863235
296 39.69316616762406
298 68.02595409225418
300 30.396421127516433
302 42.26817539583983
304 47.78379293295516
306 35.228914840503066
308 69.98515019438958
310 32.152127629232886
312 38.0458893187641
314 65.14333515474956
316 40.432706630626924
318 57.22298537560086
320 36.336258780424046
322 65.05183696917948
324 56.39805630221568
326 72.73887314594526
328 44.91427653584975
330 47.69640309639115
332 45.563761716149656
334 58.009224267565514
336 50.7112893652676
338 77.8127943100946
340 52.7001197209612
342 41.383174523763955
344 49.10785759131937
346 59.596159525966016
348 78.86575690892627
350 64.6428573975332
352 64.21434624733
354 59.03715835847854
356 56.27554813076527
358 66.78919901104369
360 55.97331983900237
362 58.026278422376336
364 45.45939501993637
366 70.05143254137293
368 78.46456196900948
370 49.19418917013581
372 51.33009804864534
374 80.21019867457034
376 76.33831687271929
378 60.43891471879355
380 77.26836566493293
382 53.59798400477745
384 53.04494034257898
386 66.03768097200391
388 89.9724082327879
390 56.31480119387746
392 84.08655007701178
394 54.443234440269556
396 67.14637384285902
398 73.0246702175862
400 93.03385581667786
402 57.725603361863385
404 72.90300791252078
406 66.61162487134165
408 65.99135630459129
410 78.97293186287484
412 61.18626906747373
414 70.45205379837233
416 97.38136301992284
418 85.27389879023488
420 87.95980129427112
422 83.44877391043897
424 70.87164797715329
426 75.89214041336852
428 69.808546072181
430 73.04770154170528
432 68.08881356940346
434 84.87932923186008
436 73.98438759724934
438 79.70317121547923
440 66.14351122571203
442 94.05955454106747
444 104.96820729625549
446 92.49372695077108
448 97.9008527245331
450 89.80937341916417
452 101.54446736923867
454 74.16712068137679
456 87.21967440201608
458 97.0594955822018
460 98.93107938782467
462 75.5644672710958
464 96.64938422176311
466 85.46222951606052
468 83.14005472140835
470 76.82202545088691
472 104.80474561706562
474 82.12950524479734
476 103.02968902332483
478 96.94859656904173
480 112.49803820329453
482 117.11646209456129
484 99.16463252866271
486 107.59711658513672
488 115.86104086932792
490 97.97158758336083
492 115.55488027399569
494 90.320925962918
496 109.67256481890476
498 110.05932574102019
500 94.80500533386434
502 127.93890700501471
504 106.61020254216837
506 127.24396261627636
508 106.33765781861956
510 113.74721711293174
512 95.10654870244751
514 112.71034267044469
516 101.53521856190446
518 119.2730388659505
520 118.6911099157464
522 137.52840533916995
524 112.61753550248058
526 105.91303661770033
528 143.370482396799
530 111.95823117823275
532 144.92706892795258
534 139.14064938300157
536 111.91576264930718
538 126.64139301465018
540 131.22358168641142
542 124.04642334692993
544 143.62399964963413
546 121.85778570606675
548 122.98828555530879
550 157.35988105410718
552 138.58532839461992
554 131.70436064554784
556 157.4439295654064
558 158.29157493473264
560 129.79142457398325
562 163.80375907427714
564 139.69708952330365
566 149.03641371227863
568 166.67193229366345
570 135.41213670984706
572 152.3989567032624
574 172.25051781540563
576 169.85647734485667
578 179.38505666709688
580 146.5137944732401
582 180.67830144545542
584 154.49575363840785
586 159.04995997166202
588 174.9412993846905
590 185.7660843142108
592 166.09070148955018
594 194.2430051650054
596 173.48670387905818
598 210.1179324305825
600 192.53647894105552
602 195.55183472927706
604 198.85639467001496
606 188.93537121915423
608 226.4432472498363
610 192.34423402109047
612 223.00924086792037
614 217.55328302413233
616 216.76147175571708
618 235.99189228846421
620 245.7012471749463
622 240.38828260552094
624 226.4641256357359
626 249.15090664215677
628 240.3863605190592
630 244.13926013567814
632 253.81578030158767
634 254.3895362435469
636 258.18313202812055
638 260.12816102938626
640 248.10369459786187
642 266.34034165621097
644 256.5291019466028
646 265.33844808821766
648 275.65893417457926
650 292.57188408229456
652 293.3047010303175
654 279.88846105903
656 263.1637843324592
658 279.6320092743861
660 264.3573197408701
662 294.5605647488874
664 271.23703775691706
666 270.10634295529724
668 290.49105162237254
670 284.0548975879618
672 286.59864995799006
674 246.9177300704261
676 268.84164508935714
678 261.3236223509209
680 271.6603217002653
682 239.17466944446988
684 261.25179838453244
686 237.49366781041533
688 267.82287314061574
690 249.3207866840441
692 241.3517984034279
694 239.6970891815327
696 262.65770915108214
698 233.5892941687677
700 237.71788792309133
702 236.01791676402888
704 242.6737200148628
706 241.6541356929066
708 246.31900327942307
710 251.2208108232676
712 230.47380710249234
714 217.94980181286536
716 253.73276435041276
718 242.13153215184758
720 225.97748192605346
722 225.57020995750298
724 222.3754956726714
726 231.88139790045508
728 227.07809857421506
730 231.11700770614516
732 261.78979252254976
734 264.26871764230236
736 241.4878542296154
738 248.30275338447242
740 266.7163641329181
742 238.44666584759563
744 256.03927085308567
746 259.3512945987952
748 263.48261116796965
750 299.8893641046902
752 310.7644198745396
754 301.4560145163937
756 313.42775921932457
758 339.8475197295204
760 352.8733155019658
762 375.87410251506253
764 435.9724598107694
766 480.3426767068607
768 550.7173343809532
770 599.125539060718
772 666.9219263572943
774 726.9056656293218
776 711.5959125869796
778 678.0657852595771
780 631.293795489797
782 561.1645631725922
784 499.0320485116383
786 454.5495663337164
788 437.258146397916
790 385.8659412157697
792 341.1533162615973
794 358.60853833843095
796 305.4297653120548
798 308.1684804325196
800 308.5417244099625
802 294.2606185082109
804 274.85374632851386
806 269.3794137446512
808 258.65248558552565
810 282.1074590451821
812 280.59341956960066
814 248.68661610283957
816 266.5433060628981
818 257.44295405433087
820 246.18310561900876
822 259.03344424306175
824 264.4189790385258
826 249.90820028920677
828 271.136390126765
830 275.9504144323984
832 273.01056969227875
834 263.1895117305655
836 256.81474390759047
838 274.07842618034994
840 279.4060799758281
842 246.08415058974293
844 243.85006966891717
846 262.585383979696
848 271.57430379162645
850 262.0012094374092
852 243.7191471720496
854 278.06206999952786
856 283.1138801137351
858 280.355329229422
860 281.97106853752916
862 262.26965228272763
864 270.1355946035782
866 265.2451154374096
868 284.34272933387535
870 287.00453146166996
872 257.79469202400156
874 272.4985674105513
876 263.72017851403547
878 271.3148379704488
880 286.0611965580316
882 260.35563113413065
884 271.390179749063
886 261.94891360219333
888 283.4556698642162
890 303.1054171403715
892 301.1685755513121
894 306.9383295780822
896 297.3615418865942
898 305.87733740312035
900 294.7056387250343
902 299.2010098558904
904 297.9570344104654
906 285.3239059487845
908 283.16798964204565
910 303.5167397863064
912 295.1559893249277
914 299.240748280619
916 290.17239304701076
918 312.08036204411803
920 305.03836039554363
922 300.7723676564733
924 313.6562592098222
926 328.96768449741444
928 316.3051911004172
930 310.9440998528223
932 351.5378778866001
934 337.8227063073084
936 357.83301343963194
938 358.3914420067599
940 344.11014621097917
942 354.99957732934865
944 372.90975840618876
946 358.6700426763484
948 374.87274451666326
950 403.0503659135694
952 410.1845188482288
954 391.3847602212748
956 419.9622008059359
958 444.9675266717111
960 427.58983841605743
962 461.2793226641176
964 478.4505484108522
966 506.1761285082889
968 493.5828773909315
970 523.8737325621796
972 538.0128795796871
974 592.0780341473118
976 593.6102559323349
978 657.9983380832283
980 657.5325942150855
982 697.8737066539866
984 732.8930390778771
986 761.7904152112635
988 761.3521888538301
990 790.7877490792935
992 804.0519691267001
994 764.3987169442978
996 776.623499018116
998 743.4925646837175
1000 701.6943064269387
1002 673.5918785896889
1004 660.3639455267914
1006 614.9135763481862
1008 613.4518074545429
1010 585.8983008481795
1012 568.7127179029831
1014 538.9040416722958
1016 517.9021189303005
1018 500.81470114419335
1020 497.166622025361
1022 483.88130268311636
1024 460.44330060841355
1026 446.46195222111794
1028 451.53030038916984
1030 423.12936831076223
1032 413.41868492716503
1034 417.60548817603484
1036 423.1489450005169
1038 431.3688458984258
1040 406.01017763357385
1042 413.02875611271423
1044 412.2797352276716
1046 392.1235462755328
1048 422.1424347113957
1050 390.082358356421
1052 396.30746537047185
1054 416.8143942497522
1056 386.92080035153856
1058 383.50754875324947
1060 377.37025586728276
1062 386.74252410820066
1064 385.0431468366975
1066 404.38195548697445
1068 374.21807110580676
1070 388.6820592076323
1072 389.5138081844672
1074 382.86267519248014
1076 378.968636735616
1078 393.37573238648577
1080 385.2964773158175
1082 407.5302474290816
1084 401.54286663319397
1086 399.62683978811566
1088 395.12422983055666
1090 379.5813846253
1092 414.0786027684653
1094 397.61017300390455
1096 382.4630803267577
1098 409.9747378818447
1100 416.17442884672033
1102 413.76413935551176
1104 384.9668358131686
1106 395.09524684534523
1108 385.6712829249902
1110 395.91074431962016
1112 392.7416179925285
1114 418.84090084510365
1116 414.2983444314535
1118 405.93460338334404
1120 393.5388357781581
1122 397.43877158687513
1124 415.2250232454037
1126 422.8629324195041
1128 429.5402292160093
1130 414.14017533617834
1132 434.8597682278509
1134 398.07270489985746
1136 433.93591226277493
1138 432.4880341995068
1140 412.6016515197267
1142 412.36071092958076
1144 427.66162637141286
1146 432.9511337675302
1148 416.6351524096898
1150 411.9520932171164
1152 410.88380203047495
1154 425.5543653612993
1156 416.3570648548305
1158 428.80596413816585
1160 419.4371760631756
1162 447.8091642475802
1164 414.457743658246
1166 442.08977849760845
1168 444.4894652472532
1170 457.6003336005782
1172 438.4346680946612
1174 427.3655131171073
1176 433.1125568448541
1178 448.8891015487244
1180 451.3999605569811
1182 451.2455735340818
1184 439.26375460996786
1186 459.5399100519345
1188 453.9184946411625
1190 433.9516080418226
1192 471.1425996497318
1194 447.4936230309726
1196 440.4989691892496
1198 458.08568736221133
1200 454.99335625802956
1202 444.2244769449824
1204 444.15236398836595
1206 465.1219031932607
1208 453.4248849191961
1210 454.71817785457677
1212 480.47875840850986
1214 483.4706660838522
1216 484.38622012689854
1218 470.86456638904724
1220 478.3200851406193
1222 480.96386535640164
1224 479.2227460410122
1226 461.2704640458985
1228 462.4568029766379
1230 487.642976929802
1232 462.13773990142903
1234 466.41397582445074
1236 482.42382168764084
1238 502.0983078395372
1240 485.45003336886487
1242 496.2987697825507
1244 495.3269170182347
1246 501.6498748159696
1248 472.6043300749541
1250 500.78257103127663
1252 489.48848352766254
1254 512.3372730414422
1256 497.3741694080772
1258 492.47339159205166
1260 518.5084163226711
1262 500.89930686407456
1264 519.9790914061847
1266 513.5612427489939
1268 490.3553602309035
1270 504.98167532951976
1272 499.95481376052453
1274 505.8342728715763
1276 510.7802380324136
1278 512.8537204356367
1280 502.39480237408355
1282 523.8077877566809
1284 499.90908401795224
1286 527.8504836517847
1288 538.6036190127852
1290 527.2501225831127
1292 541.4360772353962
1294 530.2389602311649
1296 535.0181501375806
1298 514.0413776824498
1300 542.72194141758
1302 545.2073864628908
1304 535.5359808902591
1306 522.3117249555654
1308 551.3295065719976
1310 549.5759025684649
1312 520.2056821386361
1314 559.7835204311244
1316 540.7579583755683
1318 548.8218593883232
1320 537.9705773790071
1322 561.1139726342791
1324 536.4800978474218
1326 553.2015875252577
1328 558.507275694043
1330 545.5960166791094
1332 543.0283258234289
1334 572.0751568434503
1336 547.7395984403685
1338 554.612528615191
1340 548.5186104449873
1342 546.4054098218535
1344 551.504193171348
1346 559.0601839220577
1348 585.7191816080824
1350 578.6915535191918
1352 586.7374620702384
1354 565.5350103189056
1356 591.2956244652208
1358 594.0337371646679
1360 586.9609341836589
1362 560.2188472754879
1364 569.3222366914351
1366 595.0392725576367
1368 585.4307951668504
1370 573.2495124573528
1372 569.8290008285222
1374 582.8631793955939
1376 593.6837846464388
1378 573.303056833993
1380 575.341060199445
1382 598.1020453870723
1384 595.244201390388
1386 593.5959909202938
1388 594.5091627901336
1390 617.743986439544
1392 601.6291473328756
1394 608.2415018506873
1396 615.8954936836009
1398 593.6717858806865
1400 626.0733840878497
1402 608.0294271770917
1404 627.5712818341566
1406 595.4387520512037
1408 609.3167703498189
1410 605.6401580627222
1412 618.5148405956149
1414 630.2425923976015
1416 636.7242192461216
1418 642.4830590375423
1420 642.8172833248012
1422 616.717249480816
1424 619.0766998796626
1426 618.6336948744653
1428 620.8141787737566
1430 625.284145315141
1432 617.9370760227481
1434 654.6152329302325
1436 628.0307998563712
1438 628.9258369900082
1440 660.1222555120479
1442 652.066303347297
1444 643.4695124212074
1446 657.379624255065
1448 670.4669227278744
1450 644.2750082981015
1452 666.6874765181033
1454 652.2619976220374
1456 667.3051019245052
1458 651.9067064329413
1460 649.0628080033515
1462 668.3953572927311
1464 662.5956267353903
1466 670.4726236530797
1468 682.9708659666628
1470 688.0020646658515
1472 651.8981828543996
1474 673.5988364932474
1476 655.652469427538
1478 669.8911760576949
1480 676.9100721343282
1482 675.4074368950992
1484 676.1777183739285
1486 690.7387469433739
1488 702.5384552322942
1490 668.1794306694976
1492 695.1872803736886
1494 675.5088713523016
1496 705.1119750823373
1498 686.8726771347918
