200 30.046259223643226
202 34.634410656077605
204 38.36182282801219
206 40.96739599340359
208 52.21547061514355
210 18.274192620008787
212 53.52088450663484
214 53.434848029402616
216 25.82049110051116
218 26.087729678203928
220 48.17751924028535
222 24.50592401485817
224 45.846534337787546
226 46.75941383521235
228 56.511484725166504
230 32.92094901268843
232 27.67058288371294
234 33.50202648340476
236 52.95669764798288
238 50.08845504381566
240 42.43583106413428
242 58.96680824076179
244 33.963124586250984
246 38.9946567783545
248 51.02125372022625
250 24.55838545908336
252 35.36706845147374
254 28.486535694982425
256 48.63805739617111
258 29.762791236007196
260 30.03858085684183
262 45.1028806276063
264 59.15258423862049
266 23.676854396267036
268 60.21249439107988
270 58.73532308038933
272 49.760280139904694
274 32.751428623785145
276 42.154733127450584
278 53.88826004244709
280 44.23937210577943
282 56.53521657373556
284 44.74550408088329
286 62.8661764657774
288 51.707991890263784
290 62.42094347589779
292 31.406708604405082
294 53.31202438669205
296 39.3606616627317
298 67.68949888421704
300 30.05594800827386
302 41.923615659584414
304 47.435076334702686
306 34.87596955329185
308 69.62790276505618
310 31.790502932709185
312 37.67981051083824
314 64.77272362323056
316 40.05748194485025
318 56.843065234209384
320 35.951558957355815
322 64.66227125779068
324 56.00353645746384
326 72.33930882455446
328 44.50957523437587
330 47.28647008710131
332 45.14849998062631
334 57.588534427941305
336 50.28506961299246
338 77.38094033213241
340 52.262524623307904
342 40.93972875217446
344 48.65844884912449
346 59.14067268885547
348 78.4040739365677
350 64.17485724189058
352 63.7399047575381
354 58.5561481821236
356 55.78783861141375
358 66.29465608185376
360 55.471805912244136
362 57.517652274678326
364 44.94351167306613
366 69.52814313835026
368 77.93371364534016
370 48.655624919942845
372 50.78365658546322
374 79.65571428655556
376 75.77561927201741
378 59.86782888478942
380 76.6887116810961
382 53.00957688879963
384 52.44758986948389
386 65.43119148989285
388 89.35657847086595
390 55.68942406238588
392 83.45141245867163
394 53.79811697281988
396 66.49105069224944
398 72.3589088413597
400 92.35741671705303
402 57.0382398279979
404 72.20446575140835
406 65.90164212676353
408 65.26966296351007
410 78.23924954862262
412 60.44031071904968
414 69.69352333512418
416 96.6099549908441
418 84.4892980070646
420 87.16168244753447
422 82.63680116751499
424 70.04547456140197
426 75.05140816329042
428 68.95288497951994
430 72.17672926733881
432 67.202134935794
434 83.97653569076431
436 73.0650566713022
438 78.76686591218291
440 65.18977942226736
442 93.08792833838729
444 103.97820234039361
446 91.48484171988838
448 96.8725677794015
450 88.76115061508108
452 100.47574902708612
454 73.07732871541349
456 86.10820940183183
458 95.92573584609657
460 97.77437990469369
462 74.3841586477094
464 95.44477155212414
466 84.23259118930082
468 81.88464116445033
470 75.54005780184288
472 103.49541432507775
474 80.79196859173172
476 101.66307156242372
478 95.55198747530791
480 111.07048953002777
482 115.65698693008983
484 97.67220304690929
486 106.07066198322856
488 114.29944518500129
490 96.37368738442183
492 113.91946221157855
494 88.6467241797289
496 107.95825820305126
498 108.30353501540371
500 93.0062899704534
502 126.09576195262039
504 104.72105475560994
506 125.30716737405393
508 104.35149481540412
510 111.70988631234172
512 93.01616593470777
514 110.56493495862377
516 99.3327191595034
518 117.01128198768008
520 116.36782514238945
522 135.14121167649407
524 110.16393507326217
526 103.39040796506426
528 140.77607337629604
530 109.28915141540504
532 142.18028181761485
534 136.3129636061478
536 109.00382318349982
538 123.64167161404163
540 128.13236680828072
542 120.85980950290535
544 140.33787616175766
546 118.46782485070597
548 119.48993008184259
550 153.748331070546
552 134.85552761916588
554 127.85098203190239
556 153.46136032081253
558 154.17390096378676
560 125.53241439875231
562 159.39684730289423
564 135.13535996578622
566 144.31258227474976
568 161.77832982152114
570 130.3406919979446
572 147.14117994820896
574 166.79748485320977
576 164.1988150979987
578 173.51293032053604
580 140.41689701071726
582 174.34584630760958
584 147.91647141442587
586 152.2121002078437
588 167.83263878728872
590 178.3739428401209
592 158.40196805539085
594 186.24417495936092
596 165.16392952783173
598 201.45709153148084
600 183.52326073522516
602 186.17184889490477
604 189.09530537564726
606 178.77905962616344
608 215.87800555674272
610 181.3569938402592
612 211.58783815136422
614 205.68676083734908
616 204.44042086325172
618 223.20882769642952
620 232.45101642847627
622 226.66849875433306
624 212.27561440687066
626 234.4981536223346
628 225.27794027484225
630 228.58822552275495
632 237.8399871776918
634 238.01187692885085
636 241.43165071005404
638 243.0360263941817
640 230.70900964450036
642 248.68577800203798
644 238.66135570261193
646 247.30752589605558
648 257.51729020743704
650 274.37344040042916
652 275.10379325216445
654 261.7387576191715
656 245.11722979064763
658 261.73783990889945
660 246.6611933102545
662 277.1038366951093
664 254.05620449062195
666 253.2326606059575
668 273.95032706890316
670 267.86743875669447
672 270.7793549527977
674 231.47628994733518
676 253.78283291049434
678 246.64764119137516
680 257.36318602429344
682 225.24859715233504
684 247.68559432653592
686 224.2730832208415
688 254.93092891777874
690 236.73805149778406
692 229.0566151079247
694 227.66574488383296
696 250.8645455212003
698 222.0067551933376
700 226.31650233127954
702 224.76621181893256
704 231.53806227826706
706 230.59849272378668
708 235.30461797110752
710 240.2057771319648
712 219.41253212784724
714 206.79233434681197
716 242.42396381057853
718 230.61004383607448
720 214.17447417707822
722 213.40781529723557
724 209.76488012407646
726 218.72035898753296
728 213.248060671372
730 216.47924038900763
732 246.18061894744108
734 247.4933994751403
736 223.31272828188116
738 228.4450400366419
740 244.83085044493367
742 214.10816086232458
744 228.7193005580317
746 228.3869002904096
748 228.03427650017312
750 258.88396041913944
752 262.8176024731025
754 244.76685727866635
756 245.6371918044274
758 257.8532383695215
760 252.60247347103342
762 252.04423034885093
764 281.950116222078
766 288.39405126607767
768 313.29802318095665
770 312.2742881142025
772 336.4962247519134
774 375.49639803548234
776 378.9520737161703
778 409.6342820100639
780 462.7773399954634
782 511.87498897919943
784 573.7689167017054
786 645.1739849735559
788 720.3411908238528
790 722.1723125251758
792 685.099205464642
794 674.1054006547469
796 574.5127760721348
798 528.1362839441864
800 484.720443721831
802 434.45096753350305
804 386.5728292902289
806 358.91674806771005
808 330.96110397942977
810 340.98754601451463
812 328.9343338349454
814 288.6847932760769
816 299.87601926508694
818 285.4000034620432
820 269.7644590399973
822 279.021067702043
824 281.42966113430697
826 264.4325459672551
828 283.56777984570596
830 286.6066682584592
832 282.1502822616146
834 271.0244690730815
836 263.5194383683139
838 279.7974053524541
840 284.2596660708956
842 250.1729240716102
844 247.25840844651609
846 265.38427524114076
848 273.82359146296267
850 263.75140052417794
852 245.01287085553312
854 278.9352614613315
856 283.59674462531274
858 280.473129616725
860 281.74476967000066
862 261.71644898212435
864 269.2693437676325
866 264.0766888186594
868 282.8803000032375
870 285.2538042943608
872 255.75908640307696
874 270.1793586226331
876 261.11660291509213
878 268.42416585168155
880 282.8787756846378
882 256.8749031170967
884 267.60267070560303
886 257.84419993430623
888 279.02131941242084
890 298.3269054299356
892 296.0291763226105
894 301.41897826400077
896 291.440670151742
898 299.53067627563195
900 287.9059872148516
902 291.91796524520026
904 290.15667960200835
906 276.9684483428746
908 274.2153449566487
910 293.9200530052813
912 284.8630835209819
914 288.1934903685442
916 278.3059635284321
918 299.3224134472433
920 291.3080463216777
922 285.9792210370155
924 297.69889445806535
926 311.7322936008328
928 297.66379822191004
930 290.75253256673534
932 329.63340564165753
934 314.0212879758975
936 331.9260858201983
938 330.14216992969176
940 313.24904267584617
942 321.219389409649
944 335.8595025767952
946 317.94806373002115
948 330.01866879045986
950 353.53582795592706
952 355.40257047589034
954 330.6379375355749
956 352.44935251439904
958 369.76973378098046
960 343.6561382964056
962 367.41357374829965
964 373.30175335771423
966 388.23602712032596
968 361.1967997921224
970 375.2737053336227
972 371.38576042980026
974 405.6854984984616
976 385.98027853850283
978 428.20627444257303
980 405.57890336024195
982 425.1385620143137
984 442.6025412094099
986 459.373444136198
988 454.529512453281
990 489.25891153360254
992 518.7572428721933
994 506.50010748386376
996 556.4751302013133
998 569.8678228131198
1000 581.4048000677878
1002 611.4605684430098
1004 659.3979011892116
1006 676.496032420128
1008 737.4166462036171
1010 770.4264798572084
1012 810.0772396974288
1014 831.1773786930149
1016 852.8099009305819
1018 867.9344982368834
1020 884.5895219682343
1022 879.2783783717093
1024 852.2889168146712
1026 825.0811289160729
1028 809.7169321315696
1030 756.2670004416102
1032 719.2061483228752
1034 695.5674079452676
1036 674.0972790572346
1038 656.9225443447322
1040 608.2193641800588
1042 594.1081253245497
1044 574.434929876021
1046 537.4479099565114
1048 552.5628652506318
1050 507.3372473989786
1052 501.9443363380976
1054 512.1987779498438
1056 473.2508506868797
1058 461.8309844033134
1060 448.60160931349975
1062 451.67957958899854
1064 444.38201042326335
1066 458.73053882309864
1068 424.1079656136849
1070 434.5788833673134
1072 431.82616179015827
1074 421.9498535584101
1076 415.1472586149289
1078 426.9254264435824
1080 416.4647585005335
1082 436.5366995422286
1084 428.58273242614314
1086 424.87410597915317
1088 418.73428184429696
1090 401.69329478891075
1092 434.81710609782635
1094 417.0873764743804
1096 400.7799445036696
1098 427.2223638332663
1100 432.43517822951003
1102 429.1126113203187
1104 399.4707207962246
1106 408.816074300324
1108 398.6650775078756
1110 408.2286028975194
1112 404.4302180395805
1114 429.9429492611715
1116 424.8529745269435
1118 415.97772667845317
1120 403.1034543355121
1122 406.5552558064798
1124 423.92135937804755
1126 431.16494348079146
1128 437.4717724926734
1130 421.72331925631875
1132 442.1149510064709
1134 405.01887706146863
1136 440.59066487628616
1138 438.8677144307122
1140 418.7214669080563
1142 418.2348236238237
1144 433.30323841001615
1146 438.3725643595536
1148 421.84790805979304
1150 416.9669314397237
1152 415.71078931249525
1154 430.20292995778
1156 420.83604493622846
1158 433.1236517502858
1160 423.6013573101873
1162 451.82715606396084
1164 418.3364274962219
1166 445.8356312220047
1168 448.1085874990213
1170 461.09847586315243
1172 441.81725467325447
1174 430.63766421972326
1176 436.279108934829
1178 451.954626121737
1180 454.36878148043166
1182 454.121783073326
1184 442.05122825390663
1186 462.2423202397413
1188 456.53932348233315
1190 436.4941591131271
1192 473.6100089449244
1194 449.8888691321792
1196 442.82488272270666
1198 460.34495979541373
1200 457.18854809027346
1202 446.3580253387207
1204 446.226589884662
1206 467.13901795089106
1208 455.3869965135738
1210 456.62729666960433
1212 482.3368026516925
1214 485.27946685248276
1216 486.14752615083404
1218 472.5800484735155
1220 479.99134033059727
1222 482.5924208423813
1224 480.8100628243953
1226 462.8179403808252
1228 463.9657776037416
1230 489.1147321161848
1232 463.5735043000546
1234 467.81492716514737
1236 483.7910893109886
1238 503.4329750840681
1240 486.7531398212333
1242 497.57131339961836
1244 496.569856129364
1246 502.8641300132174
1248 473.79078599830643
1250 501.94207805555544
1252 490.62185935726774
1254 513.4453042186602
1256 498.45761274028746
1258 493.5329755027966
1260 519.5448421312122
1262 501.9132499977461
1264 520.971202549563
1266 514.5321489336333
1268 491.3056658691394
1270 505.9119631956096
1272 500.8656459221821
1274 506.72619157475737
1276 511.6537665420255
1278 513.7093638346747
1280 503.23304832353654
1282 524.6291072184005
1284 500.7139319425446
1286 528.639299633453
1288 539.3768279129333
1290 528.0081351244095
1292 542.179290567895
1294 530.9677584719785
1296 535.7329048855188
1298 514.7424485089466
1300 543.4096763351534
1302 545.882122372311
1304 536.1980440075271
1306 522.9614312197425
1308 551.9671620348662
1310 550.2018037669433
1312 520.8201164508185
1314 560.3867664167688
1316 541.350286101805
1318 549.4035307413193
1320 538.5418463622757
1322 561.6750856542878
1324 537.0312939871172
1326 553.7430988060893
1328 559.0393273270399
1330 546.1188273055302
1332 543.5421077454805
1334 572.5801162455426
1336 548.2359356013503
1338 555.1004381119836
1340 548.9982813480174
1342 546.8770258826603
1344 551.9679330027235
1346 559.5162211710598
1348 586.1676851222413
1350 579.1326875062184
1352 587.1713862515223
1354 565.9618800770796
1356 591.7155909860544
1358 594.4469475735383
1360 587.3675316768364
1362 560.6189712464609
1364 569.7160228524884
1366 595.4268530568879
1368 585.8122987009374
1370 573.6250643799572
1372 570.1987232549053
1374 583.2271913033118
1376 594.0422019723965
1378 573.6559925679896
1380 575.6886244743558
1382 598.4443455658043
1384 595.5813421497423
1386 593.9280743318604
1388 594.8362883983382
1390 618.0662513369609
1392 601.9466462329189
1394 608.5543271577802
1396 616.2037355609282
1398 593.9755323156213
1400 626.3727209551483
1402 608.3244382999421
1404 627.862049043165
1406 595.7253552413981
1408 609.5992875357468
1410 605.9186654317136
1412 618.7894125592823
1414 630.5133016416427
1416 636.9911367784898
1418 642.7462542350438
1420 643.0768239781803
1422 616.973201838383
1424 619.3291286895186
1426 618.8826634253758
1428 621.0597489347223
1430 625.5263775737154
1432 618.1760295221447
1434 654.8509655052679
1436 628.2633680682832
1438 629.1552961601916
1440 660.3486597547457
1442 652.2897056012824
1444 643.6899644804955
1446 657.5971767986849
1448 670.6816253487362
1450 644.4869095309905
1452 666.8966238668291
1454 652.4684375857701
1456 667.5088800233239
1458 652.1078672326232
1460 649.261395139428
1462 668.5914134938339
1464 662.7891938459129
1466 670.6637426551769
1468 683.1595770016103
1470 688.188407054787
1472 652.0821951184652
1474 673.7805563731547
1476 655.8319339025726
1478 670.0684213641806
1480 677.0851337835678
1482 675.5803496908087
1484 676.3485164291808
1486 690.9074636970685
1488 702.7051234651678
1490 668.3440825196908
1492 695.3499473518808
1494 675.6695843564304
1496 705.2707644119133
1498 687.029572504824
