200 31.009119852776706
202 35.6063085062818
204 39.34288065143379
206 41.957738729430886
208 53.21522543876348
210 19.28348899144268
212 54.539854222292284
214 54.463625274194264
216 26.85921250156263
218 27.136534360014593
220 49.23654888137719
222 25.57532290596168
224 46.92644944161328
226 47.84999484785831
228 57.61288413921373
230 34.033322182038674
232 28.79408809022455
234 34.63682500538489
236 54.102953830596164
238 51.24633637147191
240 43.60550823492
242 60.148455242982635
244 35.15691877715496
246 40.20077896510838
248 52.23988824322004
250 25.789720277641088
252 36.61129523205136
254 29.74384990193686
256 49.90865838518785
258 31.04688235027707
260 31.336369526081146
262 46.41457847001832
264 60.47840716589991
266 25.017022721753296
268 61.56723294116923
270 60.10486130931998
272 51.144852248034006
274 34.15127367948252
276 43.57009519273475
278 55.31938830250178
280 45.68652100248674
282 57.99864594337213
284 46.22547929613046
286 64.3629685822025
288 53.22187779743669
290 63.95220605331324
292 32.955636882388774
294 54.878913712475914
296 40.94581387189162
298 69.29322247767452
300 31.67855833507182
302 43.56543510565628
304 49.09643451786347
306 36.55720352468984
308 71.3293572173343
310 33.51253041513608
312 39.422771651680414
314 66.5369873596493
316 41.843425760619354
318 58.651075405563205
320 37.78203080729105
322 66.51560941915992
324 57.88015514521436
326 74.23963211748189
328 46.43403736677931
330 49.23551575074457
332 47.12258463742849
334 59.58812463383988
336 52.3106433534429
338 79.43298736973014
340 54.3415468580416
342 43.04624059484405
344 50.79297760848259
346 61.30375897305832
348 80.59627206954976
350 66.39673569530709
352 65.9920465989518
354 60.8391515401444
356 58.10231715853626
358 68.64123953577402
360 57.85114055647657
362 59.930401499334856
364 47.39035653670374
366 72.00978295183896
368 80.45086657875248
370 51.20902863351741
372 53.374068885749864
374 82.28391380890675
376 78.44240619065232
378 62.57402565172137
380 79.43516379528285
382 55.797153696948136
384 55.27718540001848
386 68.30372532167678
388 92.27299663835288
390 58.6506999989692
392 86.45854798009665
394 56.85214330262692
396 69.59302953132516
398 75.50993348378996
400 95.55861321459383
402 60.290768205612025
404 75.50952127645382
406 69.26045663456867
408 68.68350624222623
410 81.7094307864136
412 63.96818001685394
414 73.28047328841572
416 100.25742234401903
418 88.19876538429509
420 90.93468016415986
422 86.47490912628402
424 73.95032423813831
426 79.02468468683146
428 72.99632931107288
430 76.29214048471275
432 71.39137262830272
434 88.24152247095202
436 77.4077808100275
438 83.18938410400372
440 69.69421968850634
442 97.6764930757225
444 108.65317152331748
446 96.24857626590915
448 101.72751308643097
450 93.70984028105985
452 105.52080876254811
454 78.2214804603863
456 91.35427565921464
458 101.27664424445177
460 103.23316800424107
462 79.95397900422235
464 101.12889705440251
466 90.03442068693865
468 87.80770540373274
470 81.58802568880182
472 109.67209953601363
474 87.10133655287626
476 108.109246821881
478 102.13926149197498
480 117.80332890586736
482 122.54004211391386
484 104.71031753973932
486 113.268882077335
488 121.66303027089499
490 103.90812086238574
492 121.63046304679125
494 96.54025914265256
496 116.04055483954026
498 116.58109539394209
500 101.4859052570551
502 134.78452786722792
504 113.62638796730755
506 134.43682289606875
508 113.71358446469975
510 121.31289830260594
512 102.86898567568646
514 120.67686713903844
516 109.7135111951838
518 127.67114892101078
520 127.3174760836625
522 146.391877882218
524 121.72739976082191
526 115.27903796725559
528 153.00285274304954
530 121.8677170733053
532 155.12496140042137
534 149.63881557118822
536 122.72667932923986
538 137.7781821129747
540 142.70004786607856
542 135.87709374899228
544 155.82416586745717
546 134.44354805807217
548 135.9765997082747
550 170.7686070301492
552 152.43328197019457
554 146.01136711886664
556 172.230879828
558 173.58048373174276
560 145.6054907739515
562 180.1674276902318
564 156.6361151298819
566 166.5779247850626
568 184.84449585292685
570 154.2458224770266
572 171.92539976962496
574 192.5029785729347
576 190.86989713314858
578 201.19610724041138
580 169.16091898190373
582 204.20174414871067
584 178.937575015179
586 184.45403326637057
588 201.3532839141162
590 213.23337006880502
592 194.66231869407994
594 223.96949153190172
596 204.41992131666706
598 242.31082399483398
600 226.04275589810652
602 230.42558280642078
604 235.151588018259
606 226.70528243134785
608 265.73974214686024
610 233.21694104591478
612 265.50458705713993
614 261.7133919260144
616 262.6229236036957
618 283.58435346221114
620 295.0459846561881
622 291.4965897955827
624 279.3356983697021
626 303.77222204468654
628 296.72912567235346
630 302.15901113866175
632 313.4507235626603
634 315.5597308321519
636 320.79011256207014
638 324.0550930263193
640 313.21613716457944
642 332.48766549487414
644 323.5465749051221
646 333.04995834905435
648 343.8802765368069
650 361.1144925122182
652 361.9796758976514
654 348.51071683261154
656 331.5561361668499
658 347.6290260399444
660 331.8087955539885
662 361.33449784886477
664 337.2220501566725
666 335.2135216210112
668 354.6552372906559
670 347.2354870157699
672 348.7800091803259
674 308.1093394392062
676 329.07811222679425
678 320.6647085262698
680 330.1911331396319
682 297.00617077010764
684 318.521814074656
686 294.3685528207663
688 324.500059542195
690 306.0324539286279
692 298.3699763966081
694 297.3405934243319
696 321.30143649871445
698 293.67659139408954
700 299.7769648422719
702 300.6836417619288
704 310.71665093244087
706 314.0193600517034
708 324.1783583781844
710 336.0433943316376
712 324.1213869139732
714 322.80559993583836
716 372.8733237855149
718 379.5495424447297
720 386.85200571373844
722 416.5436905772388
724 451.6990277101608
726 509.068965086976
728 561.3185129385346
730 627.341920438716
732 714.0779388092043
734 749.986507346628
736 723.9950595747933
738 690.892112389516
740 646.5494984433333
742 549.2483720487627
744 502.2179457620422
746 449.37234724268677
748 405.8920258240435
750 401.66328570122846
752 376.87715670224225
754 334.9072987042766
756 315.3605041077708
758 309.6087328975797
760 287.9767265911056
762 271.8884040375414
764 286.44836812930583
766 277.0770373796842
768 285.00242181652385
770 265.0456807701709
772 267.4307822563907
774 280.5208649854198
776 252.5618527469947
778 244.67009968619868
780 250.470665368911
782 242.6986267193845
784 240.06370475730148
786 246.52285250802618
788 270.57301030036126
790 251.94639886874032
792 233.01506054775828
794 270.79045462658183
796 233.73100964800975
798 249.37041368459808
800 260.17212311822857
802 254.4096217747341
804 242.03521028575443
806 242.4279715428499
808 236.64740758378298
810 264.316229359811
812 266.4297163743305
814 237.67881517919136
816 258.3107039352801
818 251.67769063717878
820 242.6363283257601
822 257.5046566743146
824 264.74780391470995
826 251.9679917973525
828 274.8292791513462
830 281.2034779974729
832 279.77289510779747
834 271.42998466280636
836 266.52043370491344
838 285.2534754170694
840 292.0710312930657
842 260.2756646599129
844 259.6210050658339
846 280.00522407330453
848 290.72992839436506
850 282.99802049191476
852 266.68256881607
854 303.1394542744014
856 310.47686067482766
858 310.2026768020613
860 314.5321134696583
862 297.8083509965925
864 308.95532717386857
866 307.69430926558675
868 330.8214060294015
870 337.97186565661184
872 313.77764386316113
874 334.10159192154674
876 331.6359046099813
878 346.3354161667908
880 369.0896907636044
882 352.4163086582075
884 373.63574328584895
886 375.66150664424686
888 410.036760358632
890 444.0473736603759
892 457.99804990864254
894 481.11907290914235
896 490.1435060123151
898 518.0826387034579
900 526.454198789181
902 549.6030666218717
904 564.835174004629
906 565.0617134180061
908 570.790310164997
910 593.0606875987783
912 580.2914010720721
914 573.9896665170145
916 549.5293085138217
918 552.3827956100928
920 524.0464715649415
922 497.51671180765345
924 488.1586643822955
926 481.93231886132594
928 448.8424372121309
930 424.3543873283262
932 447.15823760260804
934 416.9265619070177
936 421.5699888189976
938 407.75472567346344
940 379.9214260950313
942 377.90424505843725
944 383.37735799650864
946 356.996652842706
948 361.18318931826997
950 377.2989633389542
952 372.1536234152712
954 340.68074066095426
956 356.0088090729615
958 366.99694435025543
960 334.6321194855241
962 352.1515918877857
964 351.74829312948657
966 360.27039999202964
968 326.62937504248083
970 333.8427207129666
972 322.75264264038714
974 349.4285982772362
976 321.5869046027281
978 355.06290019375933
980 322.9594285603735
982 332.1905524587835
984 338.3314648108568
986 342.62510651695175
988 323.9712225211857
990 343.36045750661583
992 355.7736469601749
994 324.4595094466755
996 353.17721884964374
998 342.90118214595714
1000 328.195447783795
1002 329.36857574600776
1004 345.8832294290016
1006 329.376044884837
1008 355.23138805398713
1010 352.9069142698417
1012 358.6699814717206
1014 349.5188977346054
1016 346.98432174206783
1018 346.3356357570053
1020 357.2861202858625
1022 356.9530891337849
1024 345.0079349338695
1026 341.2331490550621
1028 355.37834323639834
1030 335.0638544693212
1032 332.5718686593724
1034 343.2168764444218
1036 354.55142600909335
1038 367.97641150743084
1040 347.30717934253244
1042 358.5605731029955
1044 361.64470771193146
1046 344.9660228515771
1048 378.14678912005377
1050 348.9678432798506
1052 357.82378530859717
1054 380.7378941651155
1056 353.05118065416525
1058 351.66502981836487
1060 347.3931264625545
1062 358.4850178509556
1064 358.3735991943356
1066 379.18120100694784
1068 350.37804666020367
1070 366.10458420469627
1072 368.1095170681904
1074 362.5500812408501
1076 359.67330928250465
1078 375.0295722215406
1080 367.8370772378656
1082 390.90032680656975
1084 385.68977041491263
1086 384.5020937549906
1088 380.68314502325563
1090 365.7827048551379
1092 400.88418994764146
1094 384.9847257381056
1096 370.3738818175344
1098 398.39142970377833
1100 405.06880760852073
1102 403.1099736359788
1104 374.73970109176946
1106 385.2723764308886
1108 376.2314331311532
1110 386.8340723485094
1112 384.00957117176046
1114 410.43611602409226
1116 406.204556482081
1118 398.1365618718668
1120 386.02222898150933
1122 390.1901571195769
1124 408.2317646448742
1126 416.1131411091784
1128 423.02271132869447
1130 407.8443829355628
1132 428.77575451505385
1134 392.19108303516816
1136 428.2478174710202
1138 426.98508886141167
1140 407.27593298174685
1142 407.204721791442
1144 422.66826703440967
1146 428.11367704785357
1148 411.94722003999107
1150 407.40763407643163
1152 406.47707195776565
1154 421.2799084214222
1156 412.209695937904
1158 424.7807527842129
1160 415.529431413735
1162 444.01442103480275
1164 410.7717491499493
1166 438.5084803239331
1168 441.00900004104193
1170 454.2170163894526
1172 435.14498238806607
1174 424.1661016363894
1176 430.0002128487914
1178 445.8607607108672
1180 448.45269335475126
1182 448.3765781128358
1184 436.47035008819506
1186 456.8195302364634
1188 451.2686821237114
1190 431.37000865047844
1192 468.62695723099273
1194 445.04177453986773
1196 438.1088400667635
1198 455.7552871808147
1200 452.7207746175552
1202 442.00787960240683
1204 441.9899892062692
1206 463.0120582928486
1208 451.36594302479324
1210 452.7085748174381
1212 478.51698989866526
1214 481.5552848394964
1216 482.51583335157227
1218 469.03783328753633
1220 476.535714585121
1222 479.22061367508815
1224 477.51941492165406
1226 459.6058985477057
1228 460.82988964393223
1230 486.05264200155926
1232 460.58294761112063
1234 464.893726784978
1236 480.93715135649404
1238 500.644285059622
1240 484.02775898073224
1242 494.9073753040344
1244 493.965563387753
1246 500.31775119598115
1248 471.30065271227573
1250 499.5065821711726
1252 488.23945037880424
1254 511.11448678901377
1256 496.1769442724645
1258 491.30106393070895
1260 517.3603437728984
1262 499.7748675245754
1264 518.8776830553982
1266 512.4822820983105
1268 489.2982822109845
1270 503.94593240804227
1272 498.93987528976913
1274 504.8396244643644
1276 509.80538096498566
1278 511.8981710761409
1280 501.45809163541895
1282 522.8894605725072
1284 499.0086988407458
1286 526.9676119718779
1288 537.7378448973875
1290 526.4010422343634
1292 540.6032985665495
1294 529.4221024600575
1296 534.2168433965747
1298 513.2552626440893
1300 541.9506689352334
1302 544.4506172256978
1304 534.7933850917269
1306 521.5829819751985
1308 550.6143046693751
1310 548.8739385892076
1312 519.5166612317355
1314 559.1071557771322
1316 540.0939709251676
1318 548.1699776108293
1320 537.3305370203653
1322 560.4855164841513
1324 535.8629755149691
1326 552.5955552232493
1328 557.9120960309383
1330 545.0114584587742
1332 542.4541638521675
1334 571.5111717440473
1336 547.1855764728483
1338 554.0682615040183
1340 547.9838952124439
1342 545.8800486273386
1344 550.9879931563614
1346 558.5529570606367
1348 585.2207445624713
1350 578.2017275005371
1352 586.2560727041079
1354 565.0618875154405
1356 590.8306022937393
1358 593.5766537325449
1360 586.5116315193159
1362 559.7771712153326
1364 568.8880367705997
1366 594.6124019043672
1368 585.0111104004096
1370 572.836873589301
1372 569.4232711672505
1374 582.464225453985
1376 593.29147605254
1378 572.9172662445889
1380 574.9616632164209
1382 597.7289204764672
1384 594.8772298040376
1386 593.235056619968
1388 594.1541523740791
1390 617.3947890713441
1392 601.2856546725438
1394 607.9036079879144
1396 615.5630950730794
1398 593.3447812794371
1400 625.7516744944813
1402 607.7129157729236
1404 627.2598739261408
1406 595.1323550165828
1408 609.0152935824593
1410 605.3435129210654
1412 618.2229403521902
1414 629.9553521900478
1416 636.4415560296659
1418 642.2048915388852
1420 642.5435319973631
1422 616.4478364612966
1424 618.8115489458708
1426 618.372731404377
1428 620.5573297057584
1430 625.0313391094226
1432 617.688242623803
1434 654.3703037304335
1436 627.7897076605831
1438 628.6885159812048
1440 659.8886412179022
1442 651.8363326077102
1444 643.2431233567497
1446 657.1567562362967
1448 670.2475163455201
1450 644.059005334051
1452 666.4748199172117
1454 652.0526314647003
1456 667.0989713999844
1458 651.7037578134174
1460 648.8629886186808
1462 668.1986155058853
1464 662.4019119185575
1466 670.2818861644071
1468 682.7830571276202
1470 687.8171367391982
1472 651.7160890227349
1474 673.4195308381287
1476 655.4759069091476
1478 669.7173124950402
1480 676.738864185959
1482 675.2388420403271
1484 676.0116948945326
1486 690.575253905779
1488 702.3774524702084
1490 668.0208787669937
1492 695.0311406487189
1494 675.3551058406308
1496 704.9605465218839
1498 686.7235489503651
