200 29.686601533155212
202 34.27117348662232
204 37.99495684335245
206 40.596850977243264
208 51.84119545172171
210 17.896135274182257
212 53.13899200343345
214 53.04906643304084
216 25.430765492839292
218 25.694004136581412
220 47.7797368148581
222 24.10402670522123
224 45.44046306901377
226 46.34910843322681
228 56.096883891446105
230 32.50199029826492
232 27.247202662457095
234 33.07415992456856
236 52.52427868797561
238 49.65141635718901
240 41.99410403375076
242 58.52032292711938
244 33.51180969593646
246 38.53843963159654
248 50.560060217518135
250 24.092140046844577
252 34.89569408671789
254 28.00995380895804
256 48.15618785694066
258 29.275552309927985
260 29.545889168911334
262 44.60465112063291
264 58.64873013117904
266 23.16728713939713
268 59.697123623682955
270 58.21405658327913
272 49.23302378846364
274 32.2180863391773
276 41.61520682634
278 53.34244958516818
280 43.68717524290377
282 55.97652889097731
284 44.18021894228316
286 62.294184955102324
288 51.129182750557156
290 61.83520304711223
292 30.813920759046752
294 52.71207046340285
296 38.753420397732256
298 67.07484634053021
300 29.43375750264523
302 41.29375768701221
304 46.79741849048633
306 34.23037645250394
308 68.97423595933878
310 31.128620824290998
312 37.009568263664335
314 64.09397307109202
316 39.37007149639565
318 56.14683977471499
320 35.24635974712569
322 63.94793582705215
324 55.27989849761765
326 71.60619807563236
328 43.766817368551806
330 46.53388658809524
332 44.38590801883207
334 56.81574673110206
336 49.501894332239246
338 76.58718090319228
340 51.45797962267906
342 40.12419174805623
344 47.83170824687961
346 58.30251157077164
348 77.5542698956738
350 63.31318220957114
352 62.866124824677286
354 57.67002341349603
356 54.88912285302631
358 65.3830967609271
360 54.54714382950747
362 56.57962138863414
364 43.99183887586464
366 68.56254802289446
368 76.95390826322335
370 47.6613135297997
372 49.77453539129384
374 78.63147116555899
376 74.73593349144677
378 58.81237080731499
380 75.61714245813567
382 51.92154814124625
384 51.34274335523087
386 64.30915875752342
388 88.2169804988404
390 54.531870883023075
392 82.27550276618263
394 52.60343771461078
396 65.2771766426672
398 71.12540215700798
400 91.10382647275674
402 55.76410153244265
404 70.90930084142573
406 64.58495743917462
408 63.93095018337655
410 76.87798463268904
412 59.05595329308899
414 68.28551606382388
416 95.17772291879001
418 83.03224786929394
420 85.67920194803902
422 81.12825822397853
424 68.51021651435256
426 73.48876094773848
428 67.36215225703553
430 70.55719151639654
432 65.55304849808033
434 82.29713177099967
436 71.35454028797832
438 77.02441479645296
440 63.41454286205361
442 91.27902596458529
444 102.13472285185406
446 89.60584154364628
448 94.95706966239575
450 86.80814214336623
452 98.4841810682791
454 71.04611377984143
456 84.03621991755162
458 93.81180234263981
460 95.61728910005226
462 72.1826514327148
464 93.19754086598519
466 81.93827977965054
468 79.54183922480792
470 73.1473004789224
472 101.05117908786659
474 78.29467245371856
476 99.1110681477746
478 92.9435639191672
480 108.4038632024569
482 112.93030197244704
484 94.883526708716
486 103.21798074675921
488 111.38066066397137
490 93.38661198223024
492 110.86181452358217
494 85.51612412298743
496 104.75222185587667
498 105.01946914787743
500 89.64148624583628
502 122.64739077827187
504 101.18615876065506
506 121.68265448958977
508 100.63413093152174
510 107.89628748466129
512 89.10279011148566
514 106.54807319780163
516 95.20848630333876
518 112.77560676084306
520 112.01643963764796
522 130.669640190367
524 105.56748225232792
526 98.66414622201185
528 135.91482953334946
530 104.2874925315017
532 137.0325001547564
534 131.01306068976467
536 103.5454929115979
538 118.01828237048252
540 122.33694253696054
542 114.88500970206553
544 134.1759747614453
546 112.11068794182448
548 112.9289924726797
550 146.97457165660026
552 127.85944356506894
554 120.62256178091397
556 145.9900554685379
558 146.4485970593618
560 117.54140076986371
562 151.12778604194088
564 126.57525426475469
566 135.44774435772115
568 152.59434879817047
570 120.8224020512373
572 137.27262937735208
574 156.56190662167427
576 153.57859968928236
578 162.48960188468988
580 128.9710939960631
582 162.45730801806508
584 135.56403221670598
586 139.37369343721866
588 154.48531276714968
590 164.49389183919644
592 143.96458145428124
594 171.2241083785059
596 149.53520217021173
598 185.19321449627174
600 166.59740153504114
602 168.557037819277
604 170.76468963291836
606 159.70621129438905
608 196.03728919252677
610 160.72399902493387
612 190.1398811717344
614 183.40345796662416
616 181.3043331881873
618 199.20617400491165
620 207.57244624175257
622 200.90991214338084
624 185.63900886407964
626 206.99247120722328
628 196.91988094060613
630 199.40298559167093
632 207.86187620368818
634 207.28476265829528
636 210.0091815800084
638 210.98158495121282
640 198.09535909849012
642 215.5943780225798
644 205.18134202014346
646 213.53437002140367
648 223.5511786509942
650 240.3174346682598
652 241.06184998388352
654 227.8137001676402
656 211.40876670792753
658 228.34072161840442
660 213.66358628935185
662 244.58597638362681
664 222.08936622221518
666 221.87846476770403
668 243.26037291682474
670 237.88324283155526
672 241.5325561153349
674 202.98907418469457
676 226.0685270809705
678 219.71142509974493
680 231.20287569373983
682 199.85545782681837
684 223.0451486044392
686 200.3658869489073
688 231.73329442877167
690 214.22270402837202
692 207.19327354199612
694 206.42162223544864
696 230.2047678117684
698 201.89469966891482
700 206.71405742423934
702 205.63396201216028
704 212.83540120373425
706 212.28366752994717
708 217.33470731305428
710 222.53660413866288
712 201.99851242092424
714 189.58625763892636
716 225.37670578626265
718 213.67020287545074
720 197.28792495520003
722 196.51716827781425
724 192.80883232440706
726 201.63291692888927
728 195.95761088691407
730 198.90743589167243
732 228.24104119573173
734 229.089943983059
736 204.3376472406057
738 208.77655597224364
740 224.33022940396566
742 192.61609963862634
744 206.0514368924878
746 204.32819334528838
748 202.33192093508072
750 231.2383821172513
752 232.87092459702018
754 212.08800362230818
756 209.7024844151598
758 218.020911752207
760 208.07891866876955
762 201.83893479207234
764 224.81510730682953
766 222.74213144655735
768 237.092260483393
770 222.8795166221304
772 230.48314137123526
774 248.394251948908
776 224.96728244923185
778 221.41375170782777
780 231.44552839808358
782 227.8804427777181
784 229.51088647509687
786 240.38037293338752
788 269.0805909662862
790 255.45168528939558
792 241.9929166272926
794 285.87007906046324
796 255.73334077473527
798 279.35931816233085
800 299.52422925670214
802 304.90937713989825
804 306.0036269221913
806 322.8947725652329
808 337.574471692663
810 390.868813622844
812 425.25489497526155
814 437.052697304362
816 507.79524621006726
818 560.5359874158805
820 615.9049503468812
822 689.4034682712709
824 732.8277306619264
826 719.8259758765732
828 706.0599015871344
830 653.3505492122327
832 587.0443146411849
834 518.8453473771037
836 463.32061667926797
838 440.9726730213561
840 414.95166286471124
842 356.9247180689273
844 335.15669069843693
846 338.33474425102315
848 334.8199133380322
850 315.09705483620496
852 288.49227384116534
854 315.9420061394501
856 315.22864178860675
858 307.6025080619828
860 305.0706346711201
862 281.8034050181544
864 286.57685131142364
866 278.98123117241647
868 295.6923167686522
870 296.2307333572944
872 265.1154893134124
874 278.09484223507445
876 267.7420623354948
878 273.886738328349
880 287.28579681539065
882 260.3170849112772
884 270.15666814051315
886 259.57469339304765
888 279.9827110435482
890 298.5647053641064
892 295.581137907003
894 300.3160286523538
896 289.7076727135862
898 297.18705362823886
900 284.9662276939833
902 288.39203091349225
904 286.0503301456095
906 272.2834922006923
908 268.9498265895594
910 288.06838321255776
912 278.41611804540645
914 281.1385606198419
916 270.62686203287717
918 290.9993355478702
920 282.31748866567585
922 276.2938364582254
924 287.2873019609979
926 300.5588412490382
928 285.68827579989363
930 277.9298298931606
932 315.91311133347557
934 299.3472222673599
936 316.23575969326913
938 313.36616127454363
940 295.3102784275455
942 302.0323205483015
944 315.32915647309966
946 295.9689554957335
948 306.473549970848
950 328.2942469820484
952 328.3192146659991
954 301.5507209681016
956 321.1772076441995
958 336.11005707634257
960 307.3818312693607
962 328.2696103733925
964 331.0011928929876
966 342.455377700872
968 311.5706229505408
970 321.38833517274685
972 312.7719943619097
974 341.81010089828806
976 316.23612727463205
978 351.9009781247897
980 321.92173274796494
982 333.22558622133084
984 341.3999602835257
986 347.6992991054798
988 331.0342855194927
990 352.40608278141485
992 366.8057608854076
994 337.49211622159373
996 368.2343660385915
998 360.01704581104957
1000 347.4145370148126
1002 350.7460587931121
1004 369.4853860805781
1006 355.28085227317524
1008 383.529249787086
1010 383.70154575525146
1012 392.07946760265634
1014 385.67694284455337
1016 386.0417160097337
1018 388.46196718245244
1020 402.6717671033239
1022 405.81153424009585
1024 397.5784517794973
1026 397.78391767552284
1028 416.21006592290126
1030 400.5139532266503
1032 403.0193613062335
1034 419.08804516439244
1036 436.3264114436733
1038 456.196886975206
1040 442.58528297105164
1042 461.5892994148684
1044 473.20998224377655
1046 465.96069959706307
1048 509.5868138891808
1050 492.01080460362624
1052 513.7900089313408
1054 551.1340964562678
1056 539.5964317536842
1058 556.3183141826514
1060 572.3810147946893
1062 606.3267190277176
1064 631.8987247353491
1066 681.5326784498629
1068 684.9884933790494
1070 736.6289812984131
1072 778.2905721152011
1074 815.9867280096913
1076 859.4609412879436
1078 923.2495085826051
1080 964.9019961175204
1082 1034.8206483053923
1084 1071.4106818749988
1086 1103.543212427375
1088 1121.3316738535043
1090 1113.981389605418
1092 1141.7154270058406
1094 1104.3914971580978
1096 1056.6438639578632
1098 1043.0449520142529
1100 1003.0520109261392
1102 952.4344762248901
1104 875.8196282040706
1106 840.190748369637
1108 788.0856048061738
1110 759.2252062383079
1112 720.6828790192872
1114 715.0493677783486
1116 682.1934534387246
1118 648.6474221754272
1120 613.8883743673349
1122 597.9348406153746
1124 598.0859508735047
1126 590.0405756740126
1128 582.7476119585629
1130 554.8790211493179
1132 564.446441954776
1134 517.6618503199738
1136 544.5415365927249
1138 535.0020546859631
1140 507.81006015868803
1142 500.9575789921387
1144 510.26119193841674
1146 510.0982122362444
1148 488.81409378762453
1150 479.5944880500041
1152 474.37511413078045
1154 485.2396463821151
1156 472.5458843507679
1158 481.7766695706689
1160 469.44058036580213
1162 495.07174398467697
1164 459.1844183030604
1166 484.4663306963174
1168 484.68465288933646
1170 495.76773686013996
1172 474.7143081384402
1174 461.8852737131166
1176 465.98943549460324
1178 480.2303128717857
1180 481.30391136535087
1182 479.8027262490951
1184 466.557393315468
1186 485.64682147601496
1188 478.90957465818
1190 457.8924028388887
1192 494.0937894676923
1194 469.5114553356406
1196 461.6356472264697
1198 478.38971927682877
1200 474.50986929240867
1202 462.99550066091615
1204 462.217085963201
1206 482.51690021517834
1208 470.1843323380199
1210 470.8740394249197
1212 496.0609586845091
1214 498.50724718321845
1216 498.90348447147505
1218 484.88720684524225
1220 491.87130382227457
1222 494.06548221177815
1224 491.8952982219318
1226 473.53329694839647
1228 474.3281537467941
1230 499.1400511440387
1232 473.276782056047
1234 477.2103342032627
1236 492.8920081181813
1238 512.2520527965384
1240 495.30233683768387
1242 505.86194825431096
1244 504.61264695199077
1246 510.669232870692
1248 481.3678303850918
1250 509.3001997736875
1252 497.76973100445105
1254 520.3911634824013
1256 505.20928867772045
1258 500.0979129694135
1260 525.9301245069252
1262 508.12562034539883
1264 527.0170833290207
1266 520.4176603837564
1268 497.0366431601806
1270 511.4939724457397
1272 506.30399916385824
1274 512.0259607494062
1276 516.8197965949502
1278 518.7462849761345
1280 508.1452875165354
1282 529.4208989487987
1284 505.38932832262526
1286 533.2021798859957
1288 543.8309072791252
1290 532.3569732355257
1292 546.4262993175819
1294 535.1162094231329
1296 539.785936243167
1298 518.7030716881472
1300 547.2807821507738
1302 549.6664868755302
1304 539.898333992086
1306 526.5802094192799
1308 555.5068920311306
1310 553.6648546272526
1312 524.2087671118236
1314 563.7032098303765
1316 544.596633158003
1318 552.5818139816158
1320 541.6540234965272
1322 564.723042892808
1324 540.0168491991561
1326 556.6680045150218
1328 561.9052735519135
1330 548.9274442579799
1332 546.2949683904275
1334 575.2787387335413
1336 550.8817855799393
1338 557.6949309229235
1340 551.542784116857
1342 549.3728595066648
1344 554.4163740428195
1346 561.9185036530966
1348 588.525002252541
1350 581.4461933060786
1352 589.442197115054
1354 568.1910762564919
1356 593.9042180082523
1358 596.5960175916694
1360 589.4780247602022
1362 562.6918366120113
1364 571.7521800409261
1366 597.4271930562327
1368 587.777685020239
1370 575.5563340756866
1372 572.0966879124114
1374 585.0926379755975
1376 595.875894078336
1378 575.4586707519959
1380 577.4610074293896
1382 600.187130821517
1384 597.2952068274425
1386 595.6136758679028
1388 596.494265237449
1390 619.6972235969293
1392 603.5512163420082
1394 610.1330804661433
1396 617.7572409272387
1398 595.504342670074
1400 627.8773738399165
1402 609.8054563881273
1404 629.3199406372202
1406 597.1606147519526
1408 611.0123959417172
1410 607.3100907225377
1412 620.1596101600728
1414 631.8627148220163
1416 638.3201970457886
1418 644.0553817126337
1420 644.3664277694741
1422 618.2436803772058
1424 620.5808700774031
1426 620.1160457563462
1428 622.2751406080978
1430 626.7241375954408
1432 619.35650779513
1434 656.0145031091968
1436 629.4102975293279
1438 630.2859417110509
1440 661.4633375854057
1442 653.3887241008781
1444 644.7736244706351
1446 658.6657717585839
1448 671.7354416324895
1450 645.5262265772967
1452 667.9217144014705
1454 653.4795678171312
1456 668.5063098312268
1458 653.0918503507395
1460 650.2321793315175
1462 669.5492407240519
1464 663.7343004434126
1466 671.5963594732275
1468 684.0799295714398
1470 689.0967157343506
1472 652.9786752363306
1474 674.6654183676892
1476 656.705383456607
1478 670.9306595353191
1480 677.9363571303044
1482 676.4207503946067
1484 677.1782824126617
1486 691.7267787384538
1488 703.5141673091097
1490 669.1430309846212
1492 696.138972434007
1494 676.4488543304947
1496 706.0404439288335
1498 687.7898226863255
