200 30.54530193538038
202 35.138185440204154
204 38.87039411763808
206 41.48082936953208
208 52.73383283202597
210 18.79755163116908
212 54.049309491584545
214 53.968409421067584
216 26.35926061339211
218 26.631780337293794
220 48.72692541076697
222 25.060761432606995
224 46.406880140704736
226 47.325346595414544
228 57.083084482059675
230 33.49829730695402
232 28.253762792235598
234 34.09112265517214
236 53.55179634098896
238 50.68964416300027
240 43.0432002003928
242 59.580448711060086
244 34.5831294748821
246 39.62112097937511
248 51.65427398111186
250 25.198060425643373
252 36.01349871406852
254 29.13982383608637
256 49.29830803932751
258 30.43011109622216
260 30.713078792466646
262 45.784667693759474
264 59.84177374220254
266 24.373561952623557
268 60.91683798237022
270 59.447423115720774
272 50.480259517294314
274 33.47941279401403
276 42.89085015987774
278 54.6326406928531
280 44.99214988631269
282 57.29652782503701
284 45.51548804646872
286 63.644975368759475
288 52.49575101249962
290 63.217811239651255
292 32.2128366566169
294 54.12756768595467
296 40.18577856906998
298 68.52435125178005
300 30.90070128104784
302 42.778438970241346
304 48.30014260670412
306 35.75145560637273
308 70.5139894242189
310 32.687375140863836
312 38.587657445230874
314 65.69173881580787
316 40.98786340671531
318 57.78501558433048
320 36.90528555569715
322 65.6279863430419
324 56.98145728955312
326 73.3296578321382
328 45.512580167507345
330 48.30236417528968
332 46.177522096507204
334 58.63092925679057
336 51.34108782832588
338 78.450838777645
340 53.34656650141911
342 42.0381838194578
344 49.7715936189139
346 60.268790641334526
348 79.54745573666276
350 65.33380096530456
352 64.91471612527843
354 59.74714080389455
356 56.99533423826266
358 67.51898486847944
360 56.71330668939652
362 58.77667283209976
364 46.22040905344811
366 70.82328394280282
368 79.24747435089736
370 49.98839220965422
372 52.13582769164999
374 81.0276973478402
376 77.1678337047675
378 61.28070576965017
380 78.12269416532186
382 54.4651206051327
384 53.925163372368736
386 66.93127670985687
388 90.87967118794252
390 57.236034399503566
392 85.02206539598406
394 55.39335288400437
396 68.11142590386002
398 74.00499621638023
400 94.02980626386088
402 58.73753933601693
404 73.93130145480234
406 67.65665939759879
408 67.05352703589776
410 80.05264627543878
412 62.283947362923705
414 71.56812939548541
416 98.51628306892144
418 86.42812471084594
420 89.13380933881207
422 84.64305575327043
424 72.08671133191908
426 77.12850967952951
428 71.06676301244083
430 74.32832599202374
432 69.39242418339737
434 86.20652426150306
436 75.33578571190026
438 81.07941236139617
440 67.54525752834371
442 95.48749125255915
444 106.42304379076052
446 93.97619777032466
448 99.41171867842135
450 91.34942273991052
452 103.11451692853112
454 75.76801726947612
456 88.85229607441529
458 98.72475307755495
460 100.62991762142707
462 77.29786690848067
464 98.41836333728249
466 87.26784534164196
468 84.98340549102586
470 78.70425234665488
472 106.72703482326179
474 84.093090116545
476 105.03585237711809
478 98.99867310278353
480 114.5934170540352
482 119.25858954268006
484 101.35501485782615
486 109.83732310799977
488 118.15270712961677
490 100.31641874569492
492 117.95465471356995
494 92.77749906797968
496 112.1878730198217
498 112.63539078065328
500 97.44393879492509
502 130.64291511111253
504 109.38159125033056
506 130.08514301985636
508 109.2511518806958
510 116.73566375153688
512 98.17271025025173
514 115.85711173284301
516 104.76562529881588
518 122.59025872401725
520 122.0984718390086
522 141.02940048766547
524 116.215826509558
526 109.61246741810157
528 147.1750886587301
530 115.87225137364484
532 148.95495607604204
534 143.2870835024289
536 116.1856639547413
538 131.03993589284772
540 135.75620948600792
542 128.71886401427653
544 148.44228224015944
546 126.82825779652869
548 128.11763157663165
550 162.65514155691193
552 144.0539202496295
554 137.35409816826618
556 163.283046538229
558 164.32874747922216
560 136.03579480058994
562 170.2649594053026
564 146.38526754623075
566 155.96225737337002
568 173.84669518440666
570 142.84766312961574
572 160.1077060984632
574 180.24558809614348
576 178.1516264623251
578 187.99472169585005
580 155.45310727948998
582 189.963099832838
584 164.14258664374142
586 169.07608573300973
588 185.36467372130048
590 196.60533784276294
592 177.3651027557546
594 205.97240689909174
596 185.6914690972753
598 222.81883671720104
600 205.75458487838029
602 209.3083341277022
604 213.17241402802594
606 203.83173576903624
608 241.94019908750312
610 208.46110026125342
612 239.76404860533245
614 234.96231922362364
616 234.83878814540202
618 254.74875798792777
620 265.1455552200157
622 260.52392074621025
624 247.29032671380588
626 270.66159931445634
628 262.5695467542358
630 266.9764512860412
632 277.2815279928363
634 278.4510970649498
636 282.8003052307645
638 285.2533354082941
640 273.6821339261129
642 292.3107273214536
644 282.8243372000112
646 291.88671153135135
648 302.3849523132027
650 319.39837589225266
652 320.15393354918353
654 306.6838458521453
656 289.8314415364363
658 306.1022292445275
660 290.5658616775952
662 320.4497458048626
664 296.75658322394963
666 295.2139861653928
668 315.1528892549585
670 308.2455206328967
672 310.30108167562616
674 270.123209543444
676 291.54929852954103
678 283.5400647504122
680 293.39922947340983
682 260.4563612456834
684 282.10285712719633
686 257.9466327621385
688 287.91602740398616
690 269.0980628271864
692 260.8628238108518
694 258.9973931148494
696 281.8091157839303
698 252.66053026714954
700 256.78544074861384
702 255.1671877063033
704 262.0005331677187
706 261.2666791701905
708 266.3403060878426
710 271.79189181062094
712 251.7576780704809
714 240.13656887518377
716 277.0461565311961
718 266.83730336629105
720 252.39429520395913
722 254.0838401397536
724 253.45750592031547
726 266.1138940393703
728 265.1867945896311
730 274.0157095342281
732 310.6405922703758
734 320.56371647121694
736 307.15997491989583
738 325.8745646428664
740 359.494926672024
742 350.7640482589869
744 393.50961536120576
746 429.03675989528654
748 473.6764040499287
750 558.8716533202723
752 623.469456709455
754 663.3140138860019
756 703.5388443646855
758 720.6306020847597
760 681.5053766554902
762 619.4154522891681
764 576.9704818918036
766 512.5024586840493
768 473.13817347639326
770 414.89738695665187
772 387.09897027825605
774 376.6068099599925
776 330.21608215549657
778 307.8401590697364
780 302.167596894443
782 285.2238322212712
784 275.1860734074153
786 275.61199761915094
788 294.69796018737884
790 271.9483816525401
792 249.56126811131415
794 284.41394871781716
796 244.8605372969667
798 258.35284933642845
800 267.28949167231207
802 259.89211019251115
804 246.07118616984778
806 245.17174980791063
808 238.22530815391409
810 264.8313264145332
812 265.96557665271143
814 236.30244778602813
816 256.074888953939
818 248.6228130053191
820 238.79181289197615
822 252.8900772957179
824 259.3737218506629
826 245.83656503890143
828 267.9346736317076
830 273.5321030688198
832 271.30347865497816
834 262.1334973080371
836 256.35986639143533
838 274.18346996705395
840 280.0373590872845
842 247.21454418848313
844 245.45824457707803
846 264.65517074180525
848 274.09420018973054
850 264.96399111592325
852 247.12156956093725
854 281.90464933813644
856 287.40074430000055
858 285.0941316225712
860 287.17295985989495
862 267.94930750226644
864 276.3112932167927
866 271.9388749814412
868 291.58049329505593
870 294.81641406756546
872 266.2152837548316
874 281.56730649023984
876 273.4817951880987
878 281.81988009707067
880 297.36664698398204
882 272.52562955870263
884 284.49686436470563
886 276.0734008169545
888 298.68919394572674
890 319.55065577189754
892 318.94119216527054
894 326.16876904606596
896 318.19712281193745
898 328.48469198324517
900 319.2735599892129
902 325.9437760228405
904 327.1182909826787
906 317.18119753464276
908 318.03804448792107
910 341.7616189711948
912 337.19021665212387
914 345.5395312490105
916 341.28102191688583
918 368.6248200470772
920 367.73707317187575
922 370.44883235249256
924 391.25197528205484
926 415.5542885419227
928 413.0938778742919
930 419.2891620307821
932 472.92937179400485
934 473.8607342481341
936 510.17294001391105
938 528.6459636790854
940 533.6917616388885
942 564.8882848971632
944 603.3400691392972
946 608.7538430525001
948 642.2126836092286
950 683.44503472005
952 697.5578571334976
954 678.0516491780077
956 697.2477359857646
958 704.0565498507074
960 660.3758639266554
962 660.9826065575844
964 639.8838354544373
966 625.6792266428981
968 568.743958337402
970 553.1787810876184
972 520.5373375901097
974 527.2921289467005
976 481.3341635033752
978 498.5193329514767
980 451.8760134893315
982 448.19151424975826
984 442.89070171024014
986 437.06070033005733
988 409.45056658656233
990 420.91104786034794
992 426.29640151660976
994 388.7427247520385
996 411.9100899424663
998 396.68632724625786
1000 377.5601949259655
1002 374.77495359779334
1004 387.73670738057274
1006 368.0331196699666
1008 391.0061360302333
1010 386.07663287330627
1012 389.4800382183272
1014 378.18689527758966
1016 373.70367575553485
1018 371.27865041368284
1020 380.6066346999749
1022 378.78875776428595
1024 365.4821957435038
1026 360.45692520373314
1028 373.45151718223735
1030 352.07654745064934
1032 348.6055535163374
1034 358.34534749267164
1036 368.841646089826
1038 381.48925331021263
1040 360.09807554323913
1042 370.6800877047641
1044 373.13903915865893
1046 355.8774479475229
1048 388.5140554901918
1050 358.82651700573746
1052 367.2065594418044
1054 389.6748630280524
1056 361.57008416409553
1058 359.7914714959655
1060 355.1507682958849
1062 365.8957547661661
1064 365.45771552492005
1066 385.9575110446823
1068 356.8640211054259
1070 372.3164641048046
1072 374.0624166357431
1074 368.2580807718342
1076 365.14953924735005
1078 380.2862894729997
1080 372.88573416819247
1082 395.75163418914747
1084 390.3537545806069
1086 388.9881486793266
1088 385.00007983558595
1090 369.93878722403366
1092 404.8871857467425
1094 388.84193535268673
1096 374.0921734133056
1098 401.9772697452581
1100 408.528288884125
1102 406.44884102024616
1104 377.96337525146964
1106 388.38597566075197
1108 379.23979348629445
1110 389.74176622400904
1112 386.8209244650758
1114 413.1552240027693
1116 408.83529846745256
1118 400.682614838881
1120 388.48708016539496
1122 392.5771157115915
1124 410.54397265178955
1126 418.353583444335
1128 425.1942251963223
1130 409.94966656453846
1132 430.81737529328535
1134 394.17148509130317
1136 430.169328746113
1138 428.84992770951396
1140 409.0862143350629
1142 408.96246292267864
1144 424.3753929462207
1146 429.7720255167986
1148 413.55854634017726
1150 408.97361540595756
1152 407.9993115892225
1154 422.7599395960081
1156 413.6489855211583
1158 426.18070469996394
1160 416.89138987156264
1162 445.33967356513733
1164 412.06152945984815
1166 439.76397098558704
1168 442.2313350241586
1170 455.40728344783133
1172 436.30422530991734
1174 425.29532236725214
1176 431.1003734952566
1178 446.9327854327243
1180 449.497470152631
1182 449.3949605179185
1184 437.46315876009277
1186 457.78755447495803
1188 452.2126812996359
1190 432.29071356066567
1192 469.52507138188093
1194 445.9179753640403
1196 438.9637800764138
1198 456.58959506186085
1200 453.5350562678826
1202 442.8027191174892
1204 442.7659498152056
1206 463.7696832476586
1208 452.10575644562846
1210 453.4310824962011
1212 479.22268006336657
1214 482.24462888153573
1216 483.1892865179936
1218 469.69583534017767
1220 477.17869042846434
1222 479.84897395450224
1224 478.1335565936219
1226 460.206205423531
1228 461.4167329083315
1230 486.62638070746044
1232 461.14392915191405
1234 465.4422873453895
1236 481.4736163431833
1238 501.16896951254614
1240 484.5409679662529
1242 495.40940429069275
1244 494.45669860558337
1246 500.79826998018495
1248 471.7708238320322
1250 499.9666661443186
1252 488.68969977307586
1254 511.55514651050345
1256 496.60825184191236
1258 491.7232497482134
1260 517.7736313715986
1262 500.17947381383107
1264 519.2738185539597
1266 512.8701511579517
1268 489.6780832310411
1270 504.31785804127867
1272 499.3041126399719
1274 505.19635527604254
1276 510.15478180553663
1278 512.2404135108236
1280 501.79334239545733
1282 523.2178817166321
1284 499.33044791046643
1286 527.2828421407617
1288 538.0467051146104
1290 526.7036773627818
1292 540.8998495155328
1294 529.7127063133065
1296 534.5016335351435
1298 513.5343688648135
1300 542.2242175647626
1302 544.7187312303162
1304 535.0561841831407
1306 521.8405827124582
1308 550.8668205570939
1310 549.1214801722298
1312 519.7593361864
1314 559.3450689992715
1316 540.327224614975
1318 548.398671354722
1320 537.5547678699636
1322 560.7053790324898
1324 536.0785619700515
1326 552.8069554790512
1328 558.119397735959
1330 545.2147470822342
1332 542.6535227479445
1334 571.7066822124365
1336 547.3773178202345
1338 554.2563111005372
1340 548.1683285477119
1342 546.0609393643236
1344 551.1654131834664
1346 558.7269765420618
1348 585.3914319869215
1350 578.3691497283354
1352 586.4202950127745
1354 565.2229736437952
1356 590.9886144845798
1358 593.7316527739562
1360 586.6636767846577
1362 559.9263207019557
1364 569.0343471373346
1366 594.7559285078328
1368 585.1519073301799
1370 572.974993701975
1372 569.5587661194606
1374 582.5971457343844
1376 593.4218710128032
1378 573.0451841294608
1380 575.0871511928476
1382 597.8520246618403
1384 594.9979952935824
1386 593.3535275133064
1388 594.2703718009938
1390 617.5087992167724
1392 601.3974968008275
1394 608.01332246633
1396 615.6707213946735
1398 593.450358085191
1400 625.8552395948253
1402 607.8145061686249
1404 627.3595258285847
1406 595.2301038674663
1408 609.1111740729189
1410 605.437559010255
1412 618.3151852853288
1414 630.0458285159535
1416 636.530295617793
1418 642.2919255958802
1420 642.6288910831557
1422 616.5315505047396
1424 618.8936472599435
1426 618.4532427009673
1428 620.6362821100345
1430 625.1087601738092
1432 617.7641593415738
1434 654.4447425489315
1436 627.8626944940806
1438 628.760076223415
1440 659.9587997541514
1442 651.9051138267831
1444 643.3105511624158
1446 657.2228540585292
1448 670.312307151416
1450 644.1225116384609
1452 666.5370637930885
1454 652.1136345531763
1456 667.1587549201827
1458 651.7623425720068
1460 648.920395019183
1462 668.2548635577392
1464 662.4570212459494
1466 670.3358760148732
1468 682.8359463804286
1470 687.8689439135163
1472 651.766832285588
1474 673.4692280121569
1476 655.5245754801659
1478 669.7649696194085
1480 676.785526697766
1482 675.284526458395
1484 676.056417429246
1486 690.6190304657447
1488 702.4202986687492
1490 668.062809928483
1492 695.0721718147579
1494 675.3952517760749
1496 704.9998217207217
1498 686.7619676414531
