200 30.347617339934843
202 34.93864408574543
204 38.66897078235622
206 41.27749838230521
208 52.52856806248971
210 18.590326479523583
212 53.840096878130815
214 53.75718177546487
216 26.145989863627726
218 26.41643789835623
220 48.50948217301318
222 24.841187749814182
224 46.18514581779656
226 47.1014208758516
228 56.856936034883404
230 33.269894213473016
232 28.02307253234278
234 33.85811209328092
236 53.31643171157597
238 50.451891055741925
240 42.80302354488229
242 59.33781276109109
244 34.337997792284895
246 39.3734564173902
248 51.404038667285704
250 24.945215744230275
252 35.758005287921996
254 28.881641508022806
256 49.037395852944144
258 30.166427276150827
260 30.446580724043933
262 45.51531190209316
264 59.56951587061358
266 24.09835674044168
268 60.63863924206082
270 59.16618370931948
272 50.19593133212491
274 33.191946717664294
276 42.60019605440685
278 54.33874736820311
280 44.69496507289544
282 56.9959981454668
284 45.2115589864096
286 63.33759124685503
288 52.18485494935149
290 62.903345125811505
292 31.89474111955762
294 53.805782055976806
296 39.860240844111765
298 68.1949980610837
300 30.567467847641375
302 42.441259072190554
304 47.958948537087814
306 35.40617813193228
308 70.16455774263099
310 32.33371683658308
312 38.22969844384666
314 65.32940333685714
316 40.62107391489074
318 57.41369273902027
320 36.52934815879045
322 65.24735128493018
324 56.596039493255255
326 72.93937019547327
328 45.11733350323597
330 47.902067149140734
332 45.77208116300331
334 58.22024859278133
336 50.925069264133654
338 78.02938172572368
340 52.91956788242141
342 41.60553798560171
344 49.333192274533666
346 59.82452276049603
348 79.0972074777172
350 64.87745558224847
352 64.45215387578111
354 59.278238853847796
356 56.519966562699835
358 67.03702214870373
360 56.22461620614993
362 58.28111835459614
364 45.71785072408426
366 70.31357815735261
368 78.73047363398328
370 49.46394508528084
372 51.60377854857188
374 80.48788629952571
376 76.62009644370674
378 60.72487341574259
380 77.55859310806467
382 53.89257233931636
384 53.34398432697036
386 66.34127806980527
388 90.28065870841127
390 56.62780821236938
392 84.40441980806823
394 54.766076166693594
396 67.47430007368071
398 73.35779680607646
400 93.37230208350117
402 58.06949222362782
404 73.25246601599852
406 66.96678273364918
408 66.35234845963444
410 79.33989701438198
412 61.559350248958964
414 70.83139854039077
416 97.76712352500081
418 85.66623211588116
420 88.35886954449916
422 83.8547444362556
424 71.28469358649699
426 76.31243959100982
428 70.23628321012797
430 73.48306718069108
432 68.53200465206783
434 85.33054936827472
436 74.44384734347742
438 80.17108836590245
440 66.62011111990454
442 94.54507038604527
444 105.46288050498258
446 92.99780749785944
448 98.41459952013406
450 90.33305470211263
452 102.07836112058033
454 74.7115150594821
456 87.77486820056288
458 97.62579871239302
460 99.50881338629698
462 76.15396583507147
464 97.25099377310025
466 86.07630979596684
468 83.76697941770178
470 77.46218285981195
472 105.45853934180964
474 82.79735493299522
476 103.71203114599423
478 97.64588524355712
480 113.2107460631834
482 117.84508120909508
484 99.90967537541619
486 108.35911707890338
488 116.6405554510092
490 98.76919637268988
492 116.37118829021668
494 91.15656441781813
496 110.52819248688925
498 110.93563041123174
500 95.70270534967764
502 128.8587528965843
504 107.5529787580744
506 128.21048936069806
508 107.3287930008684
510 114.76385841659744
512 96.14963578184552
514 113.78085948250397
516 102.63419584209565
518 120.40155675732237
520 119.85030076060946
522 138.71945664343184
524 113.84169308309097
526 107.1716079440931
528 144.66484013761135
530 113.28981696492053
532 146.29739734718416
534 140.55131220987687
536 113.36843333347947
538 128.1378314312883
540 132.76563916358248
542 125.63604798034831
544 145.26324191474367
546 123.54880437601261
548 124.73335393141608
550 159.16139351288854
552 140.4458072519417
554 133.62646333421716
556 159.4304561168957
558 160.3454757487832
560 131.9158084511419
562 166.00190147567474
564 141.97244100878618
566 151.39260849189026
568 169.11279680792268
570 137.9416981306482
572 155.02145121888768
574 174.97039852928404
576 172.6784215775197
578 182.31397240335582
580 149.55482564101607
582 183.83683164799868
584 157.777407886985
586 162.46060388046254
588 178.4870351932828
590 189.45324299540687
592 169.9258300827501
594 198.2328483487325
596 177.63817866459988
598 214.43809472642715
600 197.03248061260848
602 200.23086967066382
604 203.7256323288894
606 194.00187598994142
608 231.71388219919663
610 197.82554755999453
612 228.7073352704711
614 223.4736641501912
616 222.90887999901673
618 242.3701156769479
620 252.31291871825673
622 247.2346654202156
624 233.5448910579608
626 256.4639123971037
628 247.92743794470886
630 251.90202128846144
632 261.7914572834933
634 262.5668660221977
636 266.54830009606786
638 268.6648162134333
640 256.7930450066939
642 275.16133809916545
644 265.45871030000114
646 274.35200636157253
648 284.73058395924977
650 301.675060305339
652 302.41265918138197
654 288.97481792590565
656 272.2030471981791
658 288.6000696481491
660 273.23189086498
662 303.3215469186107
664 279.86680129306944
666 278.5899247867661
668 298.8162672135975
670 292.21237486431164
672 294.58179560877977
674 254.72264101558088
676 276.466979030322
678 268.7704413700416
680 278.93192208312144
682 246.27640955977063
684 268.19093483525
686 244.27920839740142
688 274.4654536345804
690 255.83257711061168
692 247.74644359173223
694 245.9896877588838
696 268.8648350133372
698 239.72906473872868
700 243.81008425166357
702 242.08416176969135
704 248.7377229602694
706 247.74201346423092
708 252.45969231645884
710 257.44658786756224
712 236.8209426022696
714 224.4593772917796
716 260.4516949364407
718 249.1138486493084
720 233.2859445319906
722 233.27834971881856
724 230.57021253286348
726 240.66628923633903
728 236.57775455072192
730 241.48259687548708
732 273.20638333591506
734 276.96495388394095
736 255.74884589276166
738 264.487388020173
740 285.2807243753168
742 259.9758982668707
744 281.29111821869265
746 289.315539416521
748 299.4616258144718
750 343.6049512694427
752 364.49268443636345
754 368.1787170757116
756 396.9500188502931
758 444.734524657866
760 483.8459723234085
762 535.9399123000314
764 622.2954820638286
766 677.8214929741844
768 727.3111305787081
770 711.8130418215414
772 681.691072533139
774 639.3704218911969
776 549.8517627654884
778 485.13700744582843
780 443.13359379457484
782 396.9213034226641
784 363.9621128634077
786 346.61605494096364
788 351.9257475341318
790 318.4439935857848
792 287.6319857308546
794 315.81185318367716
796 270.92354059939845
798 280.11025176034036
800 285.53978581123255
802 275.26007435425953
804 259.0498414052428
806 256.1533401553336
808 247.5243264256772
810 272.7017569542051
812 272.61391042176865
814 241.89758565251594
816 260.75573721603666
818 252.50415391471483
820 241.96887544268574
822 255.4421208669274
824 261.3668641806405
826 247.32602721645483
828 268.96657187079677
830 274.14488546431113
832 271.5290817260936
834 261.99827967309756
836 255.88536378263763
838 273.3870058401069
840 278.9325374797408
842 245.81164563059087
844 243.76454131915816
846 262.675174007334
848 271.82984935166303
850 262.41479244401296
852 244.28469036266142
854 278.7749718103274
856 283.9708821410455
858 281.35441136196926
860 283.1113678915157
862 263.55140291729464
864 271.56008568577863
866 266.8146660999182
868 286.0606789539692
870 288.8752445092682
872 259.82357699814435
874 274.6921097228298
876 266.0859874971218
878 273.8617085014354
880 288.79918610027676
882 263.29615332778525
884 274.54611602951854
886 265.3347447078916
888 287.0876295219947
890 307.0016707004833
892 305.34942689990316
894 311.42646029892103
896 302.1822873957376
898 311.059005662917
900 300.27987818449947
902 305.20323449503803
904 304.42691522438514
906 292.3059399373592
908 290.7121594247097
910 311.67927939727645
912 304.0002746294808
914 308.83833385997895
916 300.6042214038279
918 323.4381756541908
920 317.42635253002925
922 314.309114040443
924 328.4769794115057
926 345.2268892668243
928 334.1797792710805
930 330.6369750663448
932 373.2821598258229
934 361.8866108008093
936 384.52546650195904
938 388.06846768933326
940 377.1820159349211
942 391.9386115484072
944 414.2585026120903
946 405.0492571517941
948 426.9881889162475
950 461.6966373674454
952 476.24309745127937
954 465.81178650632125
956 503.75922357953743
958 539.1254849149452
960 532.9931498068959
962 578.5540967193689
964 607.7408312792415
966 646.8387617154383
968 643.8107812652652
970 680.2944072458941
972 695.3621254025295
974 743.1009620627028
976 729.3554752864529
978 768.6057291839385
980 733.4639696387601
982 731.3567715257115
984 719.2368977062442
986 700.2421151370892
988 655.278848971499
990 647.1333349571476
992 632.1943677024706
994 574.6898445417651
996 578.9755488531964
998 546.3240570922609
1000 511.3871994647219
1002 494.42584196596516
1004 494.7760553718265
1006 463.9083080539091
1008 477.0267613499012
1010 463.41034751014854
1012 459.1578759462835
1014 441.1135563583907
1016 430.66994815468973
1018 422.9742860672622
1020 427.6327383284705
1022 421.6692079287956
1024 404.67389758176347
1026 396.3588568833828
1028 406.41262131234686
1030 382.402563025879
1032 376.5649016468527
1034 384.17418661749775
1036 392.7482066115542
1038 403.65755186201204
1040 380.69109789019075
1042 389.84251799190713
1044 390.9996025888937
1046 372.55092435054695
1048 404.1030127469237
1050 373.42280591171414
1052 380.8926052522332
1054 402.52478352125934
1056 373.6506594749696
1058 371.1629870953216
1060 365.8677492227022
1062 376.0076064657033
1064 375.0092843267144
1066 394.9895753615364
1068 365.4137227890425
1070 380.41768800617285
1072 381.7461252470047
1074 375.5526098362034
1076 372.08085938547885
1078 386.87823816353
1080 379.16022181671843
1082 401.7288275063945
1084 396.0522400530877
1086 394.42507854218445
1088 390.19130263783245
1090 374.89896480261586
1092 409.6298981908563
1094 393.37977533763393
1096 378.43683110904897
1098 406.13960935452076
1100 412.5184177349088
1102 410.2761720250627
1104 381.63668344788675
1106 391.91344946294214
1108 382.6290812033366
1110 393.00001833621013
1112 389.9548320932458
1114 416.17105395609065
1116 411.73892521238645
1118 403.4795496936312
1120 391.182497991116
1122 395.1758793421766
1124 413.05065527819323
1126 420.77248914653376
1128 427.5294077958074
1130 412.20494695234066
1132 432.99635737266186
1134 396.2775704601286
1136 432.2057302314868
1138 430.81968185594604
1140 410.9921929376551
1142 410.8073836878499
1144 426.1618293545913
1146 431.5024159557597
1148 415.235202567314
1150 410.598730398798
1152 409.57496683167017
1154 424.28811184721604
1156 415.13155310846787
1158 427.61945337380394
1160 418.2880182568464
1162 446.6957982406614
1164 413.37868969445816
1166 441.0436331573963
1168 443.4748967468638
1170 456.61607742613586
1172 437.47952294422936
1174 426.43833712615026
1176 432.2122640726956
1178 448.0146587055701
1180 450.5503839528536
1182 450.41992623262564
1184 438.4611437715412
1186 458.75948445172196
1188 453.1594423492439
1190 433.2131542532168
1192 470.4240046534242
1194 446.79418030783194
1196 439.8180036295564
1198 457.42255359426713
1200 454.347437079992
1202 443.595181852692
1204 443.53912779249674
1206 464.52418471964194
1208 452.8421657866263
1210 454.1499613248844
1212 479.92456830400965
1214 482.9300457677125
1216 483.85873154226476
1218 470.3497891530765
1220 477.8176156898596
1222 480.4733161402093
1224 478.74374475993824
1226 460.80265293219446
1228 461.9998381142327
1230 487.19652761128793
1232 461.701488019767
1234 465.98761529726175
1236 482.00705791209964
1238 501.6908571760163
1240 485.0516226516051
1242 495.9091358557478
1244 494.9458062960406
1246 501.2770428650046
1248 472.2395412180204
1250 500.42559797104633
1252 489.1391069891949
1254 511.99528143245743
1256 497.03935849598207
1258 492.1455641967774
1260 518.1873820244408
1262 500.58488172527433
1264 519.6710977065633
1266 513.2595087334632
1268 490.05971986925647
1270 504.6919680874244
1272 499.67088438119174
1274 505.55597116753324
1276 510.50741868685094
1278 512.5862428128271
1280 502.13253033840044
1282 523.5505894997709
1284 499.65683189364535
1286 527.603054018344
1288 538.3608920821271
1290 527.0119822766449
1292 541.202411046142
1294 530.0096590918627
1296 534.7931082944615
1298 513.8204925744166
1300 542.5051135605217
1302 544.994519338886
1304 535.3269808414302
1306 522.1065010823629
1308 551.1279706357028
1310 549.3779688977115
1312 520.0112675397613
1314 559.5925441021712
1316 540.5703418237689
1318 548.637526350903
1320 537.789453747156
1322 560.9359863801473
1324 536.3051789540004
1326 553.0296679190162
1328 558.338289180199
1330 545.4298988794125
1332 542.8650141163487
1334 571.9145903066612
1336 547.5817177954326
1338 554.4572761743393
1340 548.3659300599132
1342 546.2552468344282
1344 551.3564943661768
1346 558.9148974807988
1348 585.5762570654525
1350 578.550941720589
1352 586.5991151309127
1354 565.3988815846136
1356 591.1616684743028
1358 593.9019096114885
1360 586.8311918833551
1362 560.091148129972
1364 569.1965396565997
1366 594.9155376117152
1368 585.3089832798855
1370 573.1295855617284
1372 569.7109217905173
1374 582.7469119879175
1376 593.5692935217071
1378 573.1903074991117
1380 575.2300189908626
1382 597.9926794468689
1384 595.136478643169
1386 593.4898800508561
1388 594.404633221876
1390 617.6410083135928
1392 601.5276914878986
1394 608.1415398033694
1396 615.7969976097586
1398 593.5747285969952
1400 625.9777390341621
1402 607.9351683993252
1404 627.4783839677295
1406 595.347190304999
1408 609.2265204906571
1410 605.5511964003246
1412 618.4271439680394
1414 630.1561381571347
1416 636.6389852456101
1418 642.3990236171475
1420 642.7344252991631
1422 616.635548126612
1424 618.9961349235456
1426 618.5542464813706
1428 620.7358275355615
1430 625.2068722396683
1432 617.8608625230987
1434 654.5400608144379
1436 627.9566513173536
1438 628.8526945958383
1440 660.0501021964911
1442 651.9951224006361
1444 643.3992874813349
1446 657.3103392988346
1448 670.3985620627034
1450 644.2075565538158
1452 666.620918639017
1454 652.1963188592595
1456 667.2402878284654
1458 651.8427428461284
1460 648.9996810532571
1462 668.3330533849919
1464 662.5341325471229
1466 670.4119261264019
1468 682.9109523023947
1470 687.9429223173914
1472 651.8397995217686
1474 673.5412001172984
1476 655.5955681843222
1478 669.8349983529829
1480 676.854606598279
1482 675.3526723770742
1484 676.1236439374445
1486 690.6853518611917
1488 702.485728981639
1490 668.127362927406
1492 695.1358610124795
1494 675.4580904351659
1496 705.0618228590448
1498 686.82314403751
