200 29.768756576421914
202 34.35417050487494
204 38.078807525080876
206 40.68156721966558
208 51.92678936538447
210 17.982619187681976
212 53.226378468262936
214 53.137368228564334
216 25.51999563140039
218 25.784175868747823
220 47.87086363480758
222 24.196122356273143
224 45.53354154931076
226 46.44318400157152
228 56.19197107329761
230 32.59810389190025
232 27.344357745302965
234 33.172371859708846
236 52.62356313084024
238 49.751789262430236
240 42.095581662312796
242 58.62292185350792
244 33.61554681569445
246 38.64333216899329
248 50.666125733458635
250 24.19939644700647
252 35.00415962992376
254 28.119647115790915
256 48.26712791861095
258 29.38775849740049
260 29.65938124230108
262 44.71944923887919
264 58.764854862007205
266 23.284759469577978
268 59.81596496960037
270 58.3342888018165
272 49.35466918822034
274 32.34116769202704
276 41.739747379342944
278 53.468473072849676
280 43.81470589991267
282 56.10559146513773
284 44.31083870805376
286 62.42638772745805
288 51.262994899308865
290 61.97065151168028
292 30.95103306370534
294 52.85087473301259
296 38.89394537397919
298 67.21712139869028
300 29.577812668893944
302 41.43962365630033
304 46.94512664500289
306 34.379958880749314
308 69.12572547583115
310 31.282050989930703
312 37.164973406781826
314 64.25138830920596
316 39.529532758709195
318 56.30838382537934
320 35.41002420930147
322 64.11375920780033
324 55.44792021365345
326 71.77645847997688
328 43.93935777811787
330 46.70874931224549
332 44.563136388949204
334 56.99538513121307
336 49.68398823073723
338 76.77177688570163
340 51.64512542611203
342 40.31393629591107
344 48.024101685832925
346 58.49760530862012
348 77.75211664068325
350 63.51383601129346
352 63.06964111629907
354 57.87645905578556
356 55.09853617994912
358 65.59554762700373
360 54.76269365899056
362 56.79833322658632
364 44.213777441222355
366 68.78777976360745
368 77.18250141356405
370 47.893338169941785
372 50.01006350926405
374 78.87057672167208
376 74.97869248533891
378 59.058861347697416
380 75.8674448353963
382 52.17574490303432
384 51.60091938516669
386 64.57140135718275
388 88.48337947317164
390 54.80251862936349
392 82.55049436704945
394 52.88287103445245
396 65.56115242877021
398 71.41402414476622
400 91.3972014955211
402 56.06233963618173
404 71.21251540444104
406 64.89326529712768
408 64.2444717599005
410 77.19684407587252
412 59.38027861813721
414 68.61543930221947
416 95.5133802742953
418 83.37377988115634
420 86.02675366178289
422 81.48197937018988
424 68.87026169588692
426 73.8552898358091
428 67.73532979666601
430 70.93718814175226
432 65.94004035822431
434 82.69130096665236
436 71.75607511989676
438 77.43351002608335
440 63.83139998515223
442 91.70385349854655
444 102.56773663753174
446 90.0472650625035
448 95.40713436987342
450 87.26708781941645
452 98.95225618607162
454 71.5235758937166
456 84.52333607136325
458 94.30884949970655
460 96.12455459601621
462 72.70043345269158
464 93.72614894748217
466 82.47803534282743
468 80.0930761317596
470 73.71036562377618
472 101.62643301960622
474 78.88249003377648
476 99.71183924457101
478 93.55769414192221
480 109.03177467675907
482 113.57243416022955
484 95.54033727547142
486 103.889946479015
488 112.06827844025281
490 94.09039980095463
492 111.58231259155994
494 86.25389600845229
496 105.50785571022772
498 105.79357900059414
500 90.43471337731987
502 123.46040517567677
504 102.01966066210022
506 122.53737602248226
508 101.51083785108379
510 108.79578101912557
512 90.02590892081167
514 107.49569545316541
516 96.18153189505817
518 113.7750396428156
520 113.04327031679526
522 131.72492836999223
524 106.6523396386924
526 99.77973950381522
528 137.06238354414182
530 105.46829360535031
532 138.24789968571713
534 132.26447890584137
536 104.83442287388995
538 119.34629420807809
540 123.70568792779636
542 116.29622660938486
544 135.63149243458463
546 113.61243218876996
548 114.47899121006324
550 148.5749607404448
552 129.51247290250882
554 122.33060171915469
556 147.75560345229044
558 148.27428454167162
560 119.43000035338939
562 153.08221881801788
564 128.59859730564648
566 137.54323830289732
568 154.7654054577804
570 123.07261192862282
572 139.60576898684312
574 158.98194544735122
576 156.08970659411136
578 165.09615073663315
580 131.677668227595
582 165.26870377714556
584 138.48525969989876
586 142.40997591865437
588 157.6420827500397
590 167.77678365963897
592 147.37941956082554
594 174.77689039692092
596 153.2320757439644
598 189.04044677386162
600 170.60134006226582
602 172.72406149717773
604 175.1011483334103
606 164.21835270217372
608 200.73117148491758
610 165.6053881362722
612 195.2141316457426
614 188.67537681077556
616 186.77802674185097
618 204.8848786471131
620 213.4583448152968
622 207.00393926370737
624 191.940649791953
626 213.49956063738813
628 203.62840979309846
630 206.30692553848294
632 214.95303302260828
634 214.55267034229743
636 217.4410491947167
638 218.56230729690338
640 205.8076001374062
642 223.4187327356712
644 213.09657797840254
646 221.51774479574388
648 231.5788237110711
650 248.36479122491698
652 249.10413793764863
654 235.82639849295498
656 219.36808261352684
658 236.2240268155944
660 221.44980153477746
662 252.25588975753539
664 229.6258758011956
666 229.26674182681217
668 250.4879469597837
670 244.94001412942112
672 248.41074473369713
674 209.68311657849029
676 232.5749322757415
678 226.02860241813298
680 237.3309451540904
682 205.79605298686232
684 228.801219982943
686 205.94151243036904
688 237.13350139092836
690 219.45330643040006
692 212.2607259298437
694 211.33289158158414
696 234.9672233061436
698 206.5160199960464
700 211.20215466894513
702 209.99692110124948
704 217.0814336809804
706 216.42107844805867
708 221.37187408437507
710 226.48196629591035
712 205.86057138490094
714 193.3735857605276
716 229.0979641176633
718 217.3341673257096
720 200.90352069702325
722 200.09351249560552
724 196.35528563185255
726 205.1591440420475
728 199.4736514230024
730 202.42378648358454
732 231.7687504794752
734 232.6407224446046
736 207.9239944188735
738 212.4119081299827
740 228.02913152861393
742 196.39440656009663
744 209.9265494550286
746 208.31933701240024
748 206.46047602696964
750 235.52827719456357
752 237.34910746580624
754 216.7850082485563
756 214.65311697966854
758 223.26508552397132
760 213.66267584141357
762 207.815704620679
764 231.24726478236835
766 229.70294072030447
768 244.66831422631412
770 231.173819191159
772 239.61903391875822
774 258.52044697289114
776 236.26437165217231
778 234.10268577014904
780 245.79875663258946
782 244.23666767878132
784 248.29476497303807
786 262.12902546217913
788 294.47951329443833
790 285.38364606643995
792 277.6046717321907
794 328.6630846247641
796 307.6854586313739
798 343.0828391312815
800 378.45617428236466
802 403.50004262786695
804 429.7895829416274
806 478.158089911203
808 529.9406123856551
810 621.7911903883264
812 685.6982504479902
814 700.6806165278263
816 731.1727657193287
818 696.4147713225836
820 632.5606333558738
822 583.0319574212101
824 528.8999097841934
826 463.4309198542412
828 443.30568662097016
830 415.3481544727483
832 386.6279626133544
834 356.49550895681824
836 334.0189096211991
838 338.4089798960241
840 333.34568598730016
842 291.5539919671138
844 282.34853329751866
846 295.2910575332563
848 299.4221894519005
850 285.73923827067955
852 263.9503073386603
854 295.27603034336335
856 297.710914307705
858 292.66456253657805
860 292.2645077306842
862 270.7730586508771
864 277.0369740441098
866 270.70139483289563
868 288.48504092323697
870 289.94242000190053
872 259.61948147772983
874 273.2860664671414
876 263.5328616744238
878 270.20360710862997
880 284.0668039050951
882 257.5098264296707
884 267.71663036596823
886 257.4639356813865
888 278.16880009531644
890 297.0198482012758
892 294.28147293382443
894 299.24104324649903
896 288.83972268933735
898 296.51096518950027
900 284.4689665573386
902 288.06242642882773
904 285.87884469472556
906 272.2620280771855
908 269.0715640792177
910 288.3276447953912
912 278.8082545986221
914 281.6598562692581
916 271.27445491964494
918 291.7711522797096
920 283.2121906318034
922 277.3107765239862
924 288.4264903370389
926 301.82091956259944
928 287.07449859195054
930 279.4420529323351
932 317.5537862820025
934 301.1193973609787
936 318.143086209875
938 315.41290566927336
940 297.5013401076999
942 304.3732553527335
944 317.8262060098042
946 298.62908258054796
948 309.3044805015237
950 331.30451867756165
952 331.5182332029803
954 304.94882415691774
956 324.7857384089734
958 339.9414461387255
960 311.4496905882321
962 332.58883856530855
964 335.58809405514046
966 347.32779528421474
968 316.7480905910398
970 326.89224668987555
972 318.6257954831068
974 348.0395056752041
976 322.8693626323279
978 358.9690605414566
980 329.45878171552755
982 341.26917990480393
984 349.99153970118135
986 356.8846282190507
988 340.86397588532304
990 362.9361929074472
992 378.0984822103537
994 349.6165597355563
996 381.2674660630288
998 374.0446004264371
1000 362.5324081562617
1002 367.06155923201885
1004 387.1188854942109
1006 374.3676405093014
1008 404.22170240511355
1010 406.17164512246524
1012 416.5217423895168
1014 412.3118998090373
1016 415.1198505222366
1018 420.26845290244034
1020 437.5319401826235
1022 444.09730252157397
1024 439.7157730022966
1026 444.26149967568495
1028 467.58944105708053
1030 457.44106011390863
1032 466.2377153808112
1034 489.4534728490055
1036 514.8231253388088
1038 543.9543361563975
1040 540.8946398998246
1042 571.9175209194649
1044 597.2079356504173
1046 605.459654941858
1048 666.5744207329167
1050 668.573307040271
1052 712.0019851946458
1054 772.8712264441788
1056 786.2429346459899
1058 828.3434250204184
1060 868.775873709164
1062 923.9335895282118
1064 964.7331413047718
1066 1020.2835396233686
1068 1016.9397330525204
1070 1046.2159859225044
1072 1048.3454603085165
1074 1029.4855967049289
1076 1001.399378919546
1078 982.2637742645032
1080 934.4126817563605
1082 913.6643471420491
1084 864.0059778315299
1086 819.5909396561831
1088 774.9760433560191
1090 722.386607596042
1092 723.1856408113496
1094 676.3832799189281
1096 634.118548460704
1098 637.4915302814445
1100 622.2547690643617
1102 600.8254989871147
1104 555.152292983222
1106 550.2935755693502
1108 527.5413126735258
1110 525.9067033057262
1112 512.1375982797958
1114 528.7534838889987
1116 515.706975258098
1118 499.6996236206718
1120 480.41726408054296
1122 478.09800991985026
1124 490.2547045906073
1126 492.78513214973754
1128 494.8182525484177
1130 475.1861152975634
1132 492.04100741168395
1134 451.7175127704802
1136 484.33826937093204
1138 479.91179613295736
1140 457.28414898379486
1142 454.5158680390613
1144 467.4826669064453
1146 470.61293460890346
1148 452.29629441031045
1150 445.7566521758608
1152 442.96291601710965
1154 456.0276092216179
1156 445.333658150342
1158 456.3858349123702
1160 445.7118995638377
1162 472.86279297584827
1164 438.3675427803826
1166 464.9268786757863
1168 466.3194432655896
1170 478.4837297338278
1172 458.42744795002386
1174 446.519480641197
1176 451.4757243002055
1178 466.50602150399385
1180 468.312024282716
1182 467.4912796352089
1184 454.87895124323126
1186 474.5580136598246
1188 468.37068777366966
1190 447.8670185253899
1192 484.54846309212184
1194 460.41543041550943
1196 452.9606011070557
1198 470.10953625239256
1200 466.60043786964627
1202 455.43453209801714
1204 454.9839515911163
1206 475.5924853684079
1208 463.55090499829373
1210 464.5151319192185
1212 489.96126098454215
1214 492.6525105314777
1216 493.2804342133048
1218 479.4834634803857
1220 486.6753114059519
1222 489.06644333695107
1224 487.0831149030919
1226 468.8985168047477
1228 469.8619209505922
1230 494.8340616593967
1232 469.1232427458206
1234 473.20192542764414
1236 489.02184948917073
1238 508.51367178823324
1240 491.68963998393326
1242 502.369194693248
1244 501.2344241017388
1246 507.4004340425254
1248 478.20363415986753
1250 506.2360509847417
1252 494.8013231856327
1254 517.5144226537217
1256 502.42035835342455
1258 497.3931402843
1260 523.3060473666079
1262 505.57895551504356
1264 524.5447153830206
1266 518.016631445937
1268 494.70414337052716
1270 509.22733109540843
1272 504.1006764454266
1274 509.8835400740055
1276 514.7359774321545
1278 516.7188761763051
1280 506.1722010787799
1282 527.5001442008391
1284 503.5190064817096
1286 531.3804789725643
1288 542.056097357285
1290 530.6274019565137
1292 544.7403877443328
1294 533.4724481158322
1296 538.182881587273
1298 517.1393424478339
1300 545.7550562320837
1302 548.1774982847467
1304 538.4448699759536
1306 525.1611077747224
1308 554.1210385730557
1310 552.311180803885
1312 522.8862477578019
1314 562.410861048566
1316 543.3335103216425
1318 551.3470098490284
1320 540.4466664311802
1322 563.5422951820309
1324 538.8619054652935
1326 555.5380902132429
1328 560.7996435493001
1330 547.8453814888886
1332 545.235782583468
1334 574.2417652058282
1336 549.8663840945723
1338 556.7004846059197
1340 550.5686984300149
1342 548.4185612730704
1344 553.4813105219206
1346 561.0021416624759
1348 587.626827333701
1350 580.565708931727
1352 588.5789239355347
1354 567.3445513831621
1356 593.0739943317399
1358 595.7816631330755
1360 588.6791220534362
1362 561.9079821155524
1364 570.9829835774154
1366 596.6722772783949
1368 587.0366849017211
1370 574.8288964254893
1372 571.3824709116678
1374 584.391310735522
1376 595.1871362182445
1378 574.7821719963546
1380 576.7964672229142
1382 599.5342579613999
1384 596.6537191118385
1386 594.9832997598528
1388 595.8747355434671
1390 619.0882831595248
1392 602.9526157454516
1394 609.5445777548249
1396 617.178601336006
1398 594.935338365964
1400 627.3177836747352
1402 609.2550656613556
1404 628.7785408687521
1406 596.6280034642033
1408 610.4883764506566
1410 606.7944719372349
1412 619.6522063903525
1414 631.3633455938536
1416 637.8286869240875
1418 643.5715601310492
1420 643.8901288669607
1422 617.7747428409872
1424 620.1191369920741
1426 619.6613644588351
1428 621.8273625482276
1430 626.2831182018429
1432 618.9221063462746
1434 655.586582609318
1436 628.9887245890303
1438 629.8705864323963
1440 661.0540734512863
1442 652.9854278684959
1444 644.3761760689105
1446 658.2740541893293
1448 671.3493408751896
1450 645.1456314973452
1452 667.5465166617182
1454 653.1096617926115
1456 668.141592526925
1458 652.7322213222839
1460 649.8775406086725
1462 669.1994967368998
1464 663.389357951117
1466 671.2561274952728
1468 683.7443193212509
1470 688.7656405551969
1472 652.6520505394244
1474 674.3431615723935
1476 656.387413932669
1478 670.6168985470522
1480 677.6267277826428
1482 676.1151775809602
1484 676.8766927645036
1486 691.4291005765733
1488 703.2203305964689
1490 668.8529672807538
1492 695.852614850902
1494 676.1661374899097
1496 705.7613039209853
1498 687.5141970299044
