200 31.05564413223486
202 35.653261945171934
204 39.3902690558679
206 42.00556800905065
208 53.263501609033916
210 19.332218176006695
212 54.58904265538786
214 54.513279303136194
216 26.909338589290975
218 27.187139087711756
220 49.2876389511559
222 25.62690514362606
224 46.97853079949527
226 47.902582407732
228 57.665985115289864
230 34.086943924042146
232 28.84823808655735
234 34.69151088637738
236 54.158183371849546
238 51.302117497294844
240 43.66184902186245
242 60.2053639234702
244 35.21440374322693
246 40.25884877226305
248 52.298551614370815
250 25.84898610718713
252 36.67117259006656
254 29.804348038481262
256 49.9697867347456
258 31.108650536325214
260 31.398787365793876
262 46.47765597911116
264 60.54215456361888
266 25.081450436013938
268 61.63235161385088
270 60.170681801720626
272 51.21138564649148
274 34.218531301167914
276 43.63808859162412
278 55.38812927553266
280 45.75602159590602
282 58.06891845928221
284 46.296536299241
286 64.43482290679515
288 53.294542554550674
290 64.02569463815999
292 33.029962982003966
294 54.95409131361796
296 41.02185726919562
298 69.37014628207147
300 31.756377482483046
302 43.64416486597347
304 49.176090504225414
306 36.63780170306711
308 71.41091391643381
310 33.59506233663797
312 39.50629588082023
314 66.6215213761589
316 41.9289874500408
318 58.73768307095045
320 37.8697031813147
322 66.60436567663137
324 57.97001491604617
326 74.33061550010189
328 46.52616494201724
330 49.328808596210195
332 47.21706434240172
334 59.68381331469385
336 52.40756366962237
338 79.53116254030826
340 54.44100067887949
342 43.14699745637856
344 50.8950625141691
346 61.40719755849642
348 80.70109062232127
350 66.50296117555723
352 66.09970666074567
354 60.94827455363288
356 58.212932232966764
358 68.75337654338355
360 57.96483015730625
362 60.04567516700719
364 47.507246585205976
366 72.12832256335795
368 80.571089832609
370 51.33097053625033
372 53.497765402402855
374 82.40940189557361
376 78.5697238283393
378 62.70321188158828
380 79.566258755328
382 55.93019866020559
384 55.412222814339806
386 68.44079885117331
388 92.41215120657867
390 58.79198183392937
392 86.60200466117021
394 56.99782380949827
396 69.74098429502374
398 75.66021443994285
400 95.71127385900226
402 60.4458636522689
404 75.66710831812598
406 69.42059380607478
408 68.84625388654871
410 81.87485112379085
412 64.13633721700805
414 73.45143354607927
416 100.431253957935
418 88.37553883987334
420 91.11446821998553
422 86.65778690468382
424 74.13636932002422
426 79.21397721105348
428 73.1889520785275
430 76.4881790674686
432 71.5909154840204
434 88.44466106289354
436 77.61460973296755
438 83.40000121637587
440 69.90872625113734
442 97.89499389753067
444 108.87577511437469
446 96.47539499829176
448 101.9586633633121
450 93.94544271452455
452 105.76098836064432
454 78.46636682395796
456 91.6040031890985
458 101.53135235965833
460 103.49300137178031
462 80.21908778127928
464 101.39943714361382
466 90.31055400557211
468 88.08960016762488
470 81.87585671196607
472 109.96604854689349
474 87.40159252828289
476 108.41600633972553
478 102.45272910398077
480 118.12371753152779
482 122.86757345704733
484 105.04522252908477
486 113.61140133272943
488 122.0134145966787
490 104.26663176979308
492 121.99737330720278
494 96.91585337371134
496 116.42513012626924
498 116.9749619471418
500 101.8893871114122
502 135.1979636217248
504 114.05013157069094
506 134.87124448031352
508 114.15907122958887
510 121.7698554547423
512 103.33783742545359
514 121.1580577592364
516 110.2075061452807
518 128.17843604116914
520 127.83856686292037
522 146.92730880542476
524 122.2777337391436
526 115.8448658572718
528 153.5847949596544
530 122.46642530179511
532 155.74112041328902
534 150.27314515524017
536 123.37993632869072
538 138.45116259413965
540 143.39358940915653
542 136.5920778721844
544 156.56152058826837
546 135.20425059605896
548 136.76167933268692
550 171.5791480548125
552 153.27042689653032
554 146.87631992607027
556 173.12490940700462
558 174.5049274565772
560 146.56175820032993
562 181.15700436653663
564 157.6605664999503
566 167.63890015515167
568 185.94373238668305
570 155.38514917195226
572 173.1067413561162
574 193.72835926212497
576 192.14144412216064
578 202.5160538628042
580 170.53160736668582
582 205.62562722287402
584 180.4172176519081
586 185.99211234359
588 202.95258700568525
590 214.89679244346883
592 196.392858245589
594 225.77024120830265
596 206.29405855905406
598 244.2615966380869
600 228.073463931652
602 232.53955534654676
604 237.35215481135594
606 228.99573919796023
608 268.12330910007734
610 235.69671398709428
612 268.083480581934
614 264.39407448025446
616 265.40774442822556
618 286.47526187290754
620 298.04444263039386
622 294.60347948110586
624 282.55122688694405
626 307.0958267885584
628 300.15938418899054
630 305.693560478825
632 317.08619470167315
634 319.2917041794724
636 324.6131006395161
638 327.9625559609669
640 317.2005356428722
642 336.5405542395144
644 327.6587376262803
646 337.21158263671646
648 348.0811645366348
650 365.3443007581889
652 366.22817567460635
654 352.768065191309
656 335.81314741060356
658 351.87743422335234
660 336.0415002262441
662 365.5457877646322
664 341.40780271512597
666 339.37137910026354
668 358.7847642702801
670 351.33831654787605
672 352.85998820677264
674 312.172686702918
676 333.13360465000517
678 324.7239150010656
680 334.2687182795802
682 301.12029590855855
684 322.69466931642035
686 298.6270631156534
688 328.8768207073839
690 310.56697290245506
692 303.1103160163036
694 302.3455589014388
696 326.6434931117742
698 299.4457772368489
700 306.08616778261666
702 307.6757580343709
704 318.5743482958017
706 322.97844399077616
708 334.546083725811
710 348.2234234761156
712 338.64726477947096
714 340.3839856830184
716 394.4351539231502
718 406.29770282761064
720 420.26846487637744
722 458.2582160561847
724 502.99873465370496
726 569.6567628004855
728 626.9701349049869
730 687.2433963035367
732 751.5635492419914
734 751.1059867711341
736 688.7502885510931
738 633.237122186564
740 583.1537877470981
742 490.9297131557286
744 453.20443835497457
746 409.9649546260615
748 374.8075525582568
750 377.27593797591635
752 357.70899971094536
754 319.75954514091256
756 303.30638421621825
758 299.94582410769243
760 280.17578992895153
762 265.5501494190545
764 281.2699733757554
766 272.8271804815102
768 281.5029556794214
770 262.15824865592316
772 265.04703088974964
774 278.5552561891584
776 250.94635004095792
778 243.35021186768958
780 249.40247749296503
782 241.84655442509748
784 239.39878250920157
786 246.02141907971367
788 270.2156922397919
790 251.71731934618617
792 232.9012201052205
794 270.7812441508046
796 233.8178259293635
798 249.54635528345716
800 260.43174969809536
802 254.74876411260857
804 242.45082121517356
806 242.91801039539249
808 237.21075246649346
810 264.9526129812615
812 267.1396822153278
814 238.46369167288762
816 259.17259503386356
818 252.61948174288102
820 243.66170708732457
822 258.61814862418
824 265.95482337008843
826 253.2749088901498
828 276.24350430562345
830 282.7335656561563
832 281.4286690397157
834 273.222687774444
836 268.4629059568987
838 287.36036422268427
840 294.35903967498916
842 262.7638434817933
844 262.3310968548966
846 282.962067321255
848 293.9619327669235
850 286.53772507101087
852 270.567297282537
854 307.4120826853971
856 315.1867149595514
858 315.4065778678313
860 320.2955871558492
862 304.2070168360377
864 316.0764720622993
866 315.63863655503894
868 339.7049222733814
870 347.92781848331265
872 324.9583433638375
874 346.6798167858528
876 345.80538747426334
878 362.3095854526921
880 387.09737564142176
882 372.69244656671106
884 396.40424715282904
886 401.1064157474656
888 438.25687812264323
890 474.9894482204372
892 491.365493722828
894 516.2593571349354
896 525.9301378443375
898 552.827806044938
900 557.9106911037644
902 575.1234741508604
904 581.7286499629881
906 571.1091809116954
908 564.7726315015292
910 575.0931969546047
912 551.8117238797486
914 537.4017746107884
916 507.6615846842958
918 507.96849589579176
920 479.3708184266836
922 454.2666726640831
924 447.43184350422723
926 444.3345230859721
928 414.6140227871946
930 393.4889548630954
932 419.49796937720424
934 392.23149303009654
936 399.5646674590816
938 388.15758990172776
940 362.4619837465631
942 362.3321355771688
944 369.4662733446165
946 344.545162523462
948 350.0138133664571
950 367.25634424875267
952 363.10231676263106
954 332.5029288885079
956 348.6021067914493
958 360.2723797087715
960 328.5123260766426
962 346.5692168499179
964 346.6446114759974
966 355.5941175396152
968 322.33559935447806
970 329.89207918183115
972 319.11052796383046
974 346.0645233892266
976 318.4739511691085
978 352.17724682914934
980 320.27994684081847
982 329.6984605347187
984 336.0100299486857
986 340.45938921825234
988 321.94785600092905
990 341.46745727544754
992 354.0002460717445
994 322.79601565950605
996 351.61489053278206
998 341.43212024522035
1000 326.8125015752948
1002 328.06526044819043
1004 344.653654034237
1006 328.21484881552715
1008 354.13368545371696
1010 351.8682449135251
1012 357.68626742522804
1014 348.58640501836123
1016 346.09962635820875
1018 345.4955935289314
1020 356.48784003491426
1022 356.1939087824519
1024 344.2854001801424
1026 340.5449943097498
1028 354.72247455567765
1030 334.4383342495014
1032 331.9749018907067
1034 342.6467983465114
1036 354.0066908926175
1038 367.45558272612135
1040 346.80892021591984
1042 358.08363870486903
1044 361.18793743197466
1046 344.52833364854473
1048 377.72716939435816
1050 348.56534730172694
1052 357.4375281452771
1054 380.36704705680097
1056 352.69496679417335
1058 351.32272049772223
1060 347.0640375436348
1062 358.1685065385596
1064 358.0690610759716
1066 378.88806733703865
1068 350.0957818655746
1070 365.8326835910273
1072 367.84750470918283
1074 362.2975080336958
1076 359.42975115488036
1078 374.79462847680537
1080 367.6103690264415
1082 390.6814957126429
1084 385.47847714863354
1086 384.2980169412778
1088 380.4859800791433
1090 365.5921629483522
1092 400.69999702976475
1094 384.8066216462884
1096 370.2016194392614
1098 398.2247741996821
1100 404.90753568868087
1102 402.95387288554184
1104 374.5885693420862
1106 385.1260211726916
1108 376.08967096659444
1110 386.6967284791428
1112 383.87647891980123
1114 410.3071163845027
1116 406.07949770323484
1118 398.0152990627263
1120 385.9046237434163
1122 390.0760772009094
1124 408.1210836169602
1126 416.005738061983
1128 422.9184705849132
1130 407.7431937818591
1132 428.67751094927405
1134 392.09568352845866
1136 428.15516474384845
1138 426.8950896725708
1140 407.1884979294892
1142 407.1197651259512
1144 422.5857064808773
1146 428.0334336394807
1148 411.86921796028156
1150 407.331800510192
1152 406.40333695026493
1154 421.20820474520485
1156 412.1399589667839
1158 424.71292037400906
1160 415.46344378933856
1162 443.95022068319514
1164 410.70928071881417
1166 438.4476905255305
1168 440.94983756103477
1170 454.15943180039505
1172 435.0889280672835
1174 424.11153168799706
1176 429.9470830296141
1178 445.8090283600389
1180 448.40231732678706
1182 448.32751871398114
1184 436.42256901587035
1186 456.7729905216331
1188 451.2233480760167
1190 431.32584580598314
1192 468.5839323024013
1194 444.99985536908207
1196 438.06799557965394
1198 455.7154873440879
1200 452.6819903976077
1202 441.97008292606193
1204 441.9531529232975
1206 462.97615614018144
1208 451.33094959234114
1210 452.67446551543344
1212 478.48374092645105
1214 481.5228731556888
1216 482.48423664552826
1218 469.0070299520614
1220 476.5056836903556
1222 479.1913349435156
1224 477.4908687041742
1226 459.5780658007236
1228 460.8027519074127
1230 486.0261813780004
1232 460.5571467454034
1234 464.8685688450503
1236 480.9126200148493
1238 500.6203644755362
1240 484.00443378322285
1242 494.88463057550916
1244 493.94338464831606
1246 500.2961243883665
1248 471.27956418737995
1250 499.48601867415937
1252 488.21939903575503
1254 511.0949350941006
1256 496.15788007562145
1258 491.28247542578
1260 517.3422194862411
1262 499.75719630410083
1264 518.8604540600271
1266 512.4654847878289
1268 489.2819063362805
1270 503.929968001709
1272 498.9243126570571
1274 504.8244541744688
1276 509.7905938426553
1278 511.88375819359413
1280 501.4440443045546
1282 522.8757703373983
1284 498.9953574704038
1286 526.9546114532769
1288 537.7251774287383
1290 526.3887002186254
1292 540.5912746051735
1294 529.4103893469476
1296 534.2054341122625
1298 513.2441503501107
1300 541.9398469687007
1302 544.440079094059
1304 534.7831244677051
1306 521.5729926919041
1308 550.6045807155845
1310 548.8644741048016
1312 519.5074505032919
1314 559.0981932336657
1316 540.0852511340121
1318 548.1614952736569
1320 537.3222869693375
1322 560.4774936781964
1324 535.855175036182
1326 552.5879722734084
1328 557.9047259281356
1330 545.0042966341548
1332 542.4472058467738
1334 571.5044132057637
1336 547.1790131534448
1338 554.0618892562866
1340 547.9777099874248
1342 545.8740464716367
1344 550.9821702095438
1346 558.5473095527129
1348 585.2152688114518
1350 578.1964199100669
1352 586.2509297611736
1354 565.0569057881472
1356 590.8257784291562
1358 593.5719844546157
1360 586.5071136268327
1362 559.7728015799717
1364 568.8838123350148
1366 594.6083196803415
1368 585.0071674670622
1370 572.8330670913463
1372 569.4195983133092
1374 582.4606835149452
1376 593.2880623599664
1378 572.9139781891776
1380 574.9584982465004
1382 597.7258760965422
1384 594.8743035733743
1386 593.2322461512216
1388 594.1514553319591
1390 617.3922031713187
1392 601.2831776795803
1394 607.9012377152562
1396 615.5608293810569
1398 593.3426180743123
1400 625.7496117273241
1402 607.7109514385205
1404 627.2580060619333
1406 595.130581701635
1408 609.013612936455
1410 605.341923103331
1412 618.2214395607463
1414 629.953938660685
1416 636.4402280350473
1418 642.2036473876719
1420 642.5423700333639
1422 616.4467550626406
1424 618.810546524202
1426 618.3718064040703
1428 620.5564806031568
1430 625.0305644120946
1432 617.6875408698189
1434 654.369673487662
1436 627.7891475260051
1438 628.6880245802463
1440 659.8882172037835
1442 651.8359746608128
1444 643.2428301839991
1446 657.1565265705614
1448 670.2473489450259
1450 644.0588989818107
1452 666.4747734204683
1454 652.0526436543859
1456 667.0990411301915
1458 651.7038839608842
1460 648.8631700822896
1462 668.1988512061728
1464 662.4022007972384
1466 670.282227183908
1468 682.7834492706274
1470 687.8175790082146
1472 651.7165804396486
1474 673.4200704437927
1476 655.4764937629689
1478 669.7179456745798
1480 676.7395427865414
1482 675.2395651746589
1484 676.0124616923309
1486 690.5760635134085
1488 702.3783040503268
1490 668.0217714982073
1492 695.0320737252439
1494 675.356078471965
1496 704.9615579324848
1498 686.7245983793362
