200 30.639213580257035
202 35.23297365022855
204 38.96607078191287
206 41.57740658898237
208 52.83132292408371
210 18.895967134581362
212 54.148663171349625
214 54.06871427350258
216 26.460529871336497
218 26.734027475452876
220 48.83016415119978
222 25.16500575036312
224 46.512144269614794
226 47.431645034039235
228 57.190431999802335
230 33.606708950342096
232 28.363253891376303
234 34.20170883038807
236 53.66349350963938
238 50.80246854649421
240 43.15716833140023
242 59.69557744092762
244 34.69943598126012
246 39.738622774063174
248 51.77298891812974
250 25.318006709535354
252 36.13469490844869
254 29.262288872433082
256 49.42206122603555
258 30.555172127921285
260 30.839467759615772
262 45.912405092525844
264 59.97088048463589
266 24.504059377135412
268 61.048747864529034
270 59.580767679374006
272 50.61506144602894
274 33.61569524296749
276 43.028636767911806
278 54.77195559510361
280 45.13301772712876
282 57.43897377132362
284 45.65953780144751
286 63.790655186162866
288 52.64308771121415
290 63.36683221882686
292 32.363569911259084
294 54.28004182301781
296 40.34002282407033
298 68.6803955059481
300 31.058576079040304
302 42.93817553843408
304 48.46177287208811
306 35.91501221607634
308 70.67950576568042
310 32.85488536267967
312 38.757196478705545
314 65.86334239723344
316 41.1615681004089
318 57.960858806459754
320 37.083305598925406
322 65.80822240202524
324 57.16394948732409
326 73.51444724741182
328 45.69970886294688
330 48.49187522677132
332 46.369459623424916
334 58.825338453443905
336 51.538014996435706
338 78.65033136004438
340 53.548673116968544
342 42.24295429923664
344 49.97907904374201
346 60.47904338068108
348 79.76052948900164
350 65.54975079997891
352 65.13359852593979
354 59.969013713585426
356 57.22025710621462
358 67.74701869870259
360 56.94451409113978
362 59.01111807226575
364 46.458158111050246
366 71.06440456555711
368 79.49203611404579
370 50.23646657712188
372 52.38748807964322
374 81.28301919099874
376 77.4268945249895
378 61.54358524771505
380 78.38947421544314
382 54.73588545257917
384 54.19999963430057
386 67.21027347953064
388 91.16292012244767
390 57.523629811201786
392 85.31410434783224
394 55.689935288952036
396 68.41265462852252
398 74.31097718920033
400 94.34064858798337
402 59.05335540711341
404 74.25220708409695
406 67.98277394035999
408 67.38497352567632
410 80.38955156434861
412 62.62644226827916
414 71.9163488531272
416 98.87036629358263
418 86.78821536393059
420 89.50005570398089
422 85.01561092025159
424 72.46573338898747
426 77.51416191512465
428 71.45921412642161
430 74.72775031708977
432 69.79900191723803
434 86.62044171027102
436 75.75723554564253
438 81.50859388211606
440 67.98237695140867
442 95.932762002215
444 106.87668681056067
446 94.43844184933462
448 99.88280079411368
450 91.82958841872451
452 103.6040206251347
454 76.26712276583409
456 89.36127689984133
458 99.24389295100073
460 101.15951091734507
462 77.83821914768563
464 98.96979170433025
466 87.8306792303465
468 85.55798707984275
470 79.29093720577558
472 107.32619255538705
474 84.70510503343786
476 105.66112421417913
478 99.63761777404218
480 115.24646745011316
482 119.92619637445576
484 102.03764754871429
486 110.53547073795691
488 118.86687943419474
490 101.04714717368776
492 118.70249354703924
494 93.54302660869658
496 112.97169284643442
498 113.43813308117409
500 98.26626177943439
502 131.48550650989728
504 110.24516990301149
506 130.97046056141318
508 110.15899453067041
510 117.66685421308232
512 99.12810972609682
514 116.83762206565758
516 105.7721912438877
518 123.62387036258457
520 123.16016714102771
522 142.12026803322502
524 117.33700837857225
526 110.7651622583162
528 148.36055494244036
530 117.09181085384654
532 150.20999745298644
534 144.57906631171633
536 117.51612268812877
538 132.41048436283558
540 137.16854544496016
542 130.17477403827075
544 149.94364688689004
546 128.37705704532547
548 129.71595055691165
550 164.30517656904618
552 145.75798507914445
554 139.11463069035293
556 165.10261560451613
558 166.2100600724529
560 137.98170343497154
562 172.2784697405544
564 148.46954617138425
566 158.1206397017537
568 176.08269338349254
570 145.16497398796594
572 162.51021870626477
574 182.73739118506873
576 180.73701521393536
578 190.67820378465967
580 158.239407866276
582 192.85716516496967
584 167.14958585143364
586 172.20141033283014
588 188.61393425060098
590 199.98435695100494
592 180.87990397162548
594 209.62919817746564
596 189.49662013031656
598 226.77884887381612
600 209.87605252258732
602 213.59789596890306
604 217.6366930876333
606 208.4772665254122
608 246.7733404060903
610 213.48793285502904
612 244.9902560322991
614 240.39305184583418
616 240.4785100813254
618 260.6010779166689
620 271.2130429627217
622 266.8079128609474
624 253.79072587346946
626 277.3766739354784
628 269.4957391050865
630 274.1082039770006
632 284.61114013163814
634 285.9686222183011
636 290.4935034067466
638 293.10769033895116
640 281.6809448220822
642 300.4352809498432
644 291.0541617235122
646 300.1999083450338
648 310.7585966020115
650 327.8089714051422
652 328.5779027794669
654 315.09803399216935
656 298.21361162844573
658 314.43152701939465
660 298.82323152277115
662 328.618283747027
664 304.8218181916203
666 303.16408648405036
668 322.9787967311721
670 315.94101923705193
672 317.8628114420619
674 277.55063876550327
676 298.8446686946042
678 290.7083231204823
680 300.4479640304937
682 267.3957521798204
684 288.94565843837177
686 264.70819714428575
688 294.61438762256046
690 275.7540835153686
692 267.500439215686
694 265.64394906970483
696 288.4958383708249
698 259.42314966449226
700 263.66500719480376
702 262.21112813548655
704 269.2640130134524
706 268.8143556913962
708 274.24858965201634
710 280.15187318216454
712 260.6789376638721
714 249.75216500744574
716 287.51920379927685
718 278.3697134038902
720 265.2384798126929
722 268.5584974145602
724 269.9690559224779
726 285.18573399726296
728 287.49931321268764
730 300.46085251069195
732 342.39534629070704
734 359.1860657493584
736 354.70565170702616
738 385.01560489774613
740 433.57376678742094
742 443.60307083897715
744 508.56201145185065
746 567.1197013033168
748 628.4916554239625
750 711.2420679833236
752 740.0854195819862
754 708.5775758161714
756 661.6385791926396
758 607.3826252258075
760 532.5123404583555
762 467.9917029311205
764 442.29793904233173
766 400.8841866237032
768 383.7618993629318
770 344.31490290152465
772 331.49297523840056
774 332.6400617532679
776 295.22186593439966
778 279.76820480347783
780 279.4655377968507
782 266.72046813278257
784 259.99542784543564
786 263.0598468456011
788 284.26728012340675
790 263.2393450522811
792 242.2619996215324
794 278.27909787028614
796 239.6954990115351
798 254.0020648555648
800 263.6277086880417
802 256.8178014496063
804 243.50155346038764
806 243.0389012881029
808 236.47331089269952
810 263.4139170532885
812 264.84437087959685
814 235.44553088431732
816 255.45569975487436
818 248.21925549464675
820 238.58554581431704
822 252.8659440082746
824 259.5192915533361
826 246.14176317362683
828 268.39148428814883
830 274.1343300806802
832 272.04655502914414
834 263.01433492286145
836 257.37673969677803
838 275.33592884064745
840 281.3261671420958
842 248.64163975407615
844 247.0267223482359
846 266.3692827416054
848 275.9593752649674
850 266.9868726970775
852 249.31007189925253
854 284.2680328982631
856 289.9497114557694
858 287.8409442925519
860 290.13158124520135
862 271.13557066899534
864 279.7430999182966
866 275.6364288621619
868 295.5665724814421
870 299.11668915962616
872 270.8586884151628
874 286.58646922155145
876 278.9135425360337
878 287.7058234581025
880 303.7538674883715
882 279.46747818816004
884 292.0538976040301
886 284.31447576947664
888 307.6927509817489
890 329.4062213990621
892 329.75113979654054
894 338.0503804331332
896 331.28499759694216
898 342.9335561719936
900 335.26152456030655
902 343.6760916667351
904 346.8316296902064
906 339.1484592863724
908 342.5736262855249
910 369.2269761470054
912 367.99936553336613
914 380.16384697584783
916 380.2522163131735
918 412.5342605015951
920 417.2285220638645
922 426.2001401381326
924 453.9391868824525
926 485.7891257788748
928 491.3231504676676
930 505.6436565430163
932 567.0128168194798
934 574.4807814492278
936 615.0406517843703
938 634.1100138599882
940 634.6202839553184
942 654.8396694864105
944 675.135171217263
946 655.4495280524101
948 658.3040722908668
950 665.9745398641618
952 646.7779611530975
954 597.4115931220547
956 592.7032897435461
958 582.9332493519487
960 530.1434784163911
962 528.2689397077041
964 509.9037765612602
966 502.07750312283054
968 453.7340664226797
970 447.8311990134873
972 425.10003583381985
974 441.4752265623745
976 404.5319505347337
978 429.9683489680477
980 390.7595359427064
982 393.70383434001496
984 394.27339088129486
986 393.6204603016114
988 370.5655838600195
990 386.03056583157735
992 394.93658163132915
994 360.4807227005168
996 386.37750773907635
998 373.5627076278255
1000 356.5669140907674
1002 355.669678955063
1004 370.3084753138181
1006 352.0980254371108
1008 376.4035950323754
1010 372.6661576221345
1012 377.1384708832287
1014 366.80603703911345
1016 363.18825850460854
1018 361.54460193853254
1020 371.5795944316165
1022 370.40280588041605
1024 357.6787636964552
1026 353.1838604324975
1028 366.6622788710366
1030 345.72951373412394
1032 342.66342355411274
1034 352.77462440265
1036 363.6121888996451
1038 376.57388791611
1040 355.47225620585704
1042 366.3216019069492
1044 369.02774973971987
1046 351.99506734476
1048 384.8439476897963
1050 355.3535234549579
1052 363.9168457223689
1054 386.5557835537675
1056 358.6100625571222
1058 356.9798946280328
1060 352.4778922622471
1062 363.35262129945323
1064 363.03607755986536
1066 383.64976631861094
1068 354.6631528280232
1070 370.215987857957
1072 372.0563327734217
1074 366.3408316838234
1076 363.3159709314056
1078 378.53161692969934
1080 371.20551019294675
1082 394.1417211879527
1084 388.81029908130523
1086 387.5075582493887
1088 383.57900215157724
1090 368.57409106768597
1092 403.5759437285292
1094 387.5814081865149
1096 372.87979558582833
1098 400.8106364407577
1100 407.4051440412426
1102 405.3670664103165
1104 376.9209804800996
1106 387.3810890047626
1108 378.2706534874083
1110 388.8067139688604
1112 385.9183964883813
1114 412.2837457569405
1116 407.99347830765566
1118 399.8691384776395
1120 387.70070555536785
1122 391.8166683192035
1124 409.8083410880014
1126 417.64171542207094
1128 424.50512378696084
1130 409.28238672846356
1132 430.17102066181644
1134 393.54520497941036
1136 429.56231537719844
1138 428.2614136352297
1140 408.5154700346558
1142 408.40879456772626
1144 423.8381403178589
1146 429.25056006366384
1148 413.0522693662963
1150 408.48195637873727
1152 407.5217265585219
1154 422.2959097160295
1156 413.19801566757945
1158 425.7423221753552
1160 416.4651431926991
1162 444.9251313263326
1164 411.6582792669041
1166 439.3716184553852
1168 441.8495028453062
1170 455.03561049813584
1172 435.9423658267881
1174 424.9429451674259
1176 430.75716124051905
1178 446.5984339385497
1180 449.171687736891
1182 449.07746738702355
1184 437.15368643012357
1186 457.4858452255203
1188 451.91848765833817
1190 432.0037978162692
1192 469.2452051243094
1194 445.64493904956623
1196 438.6973626164547
1198 456.32959343392866
1200 453.28127514732955
1202 442.55497052878655
1204 442.52405280157683
1206 463.5334635579692
1208 451.87504623750687
1210 453.20572005443427
1212 479.00250953267573
1214 482.02950001289815
1216 482.97905442772765
1218 469.4903602810623
1220 476.97783757220793
1222 479.65261318492094
1224 477.941562309927
1226 460.01845635316397
1228 461.23311192881806
1230 486.4467746767905
1232 460.9682287469814
1234 465.27038690805665
1236 481.3054137335612
1238 501.0043659691038
1240 484.3798679723952
1242 495.25171544746536
1244 494.30233151018524
1246 500.64713810998586
1248 471.62284343381157
1250 499.8217561284582
1252 488.54778161245355
1254 511.41614414385015
1256 496.47209158140845
1258 491.5898601911117
1260 517.6429433156753
1262 500.0514201764738
1264 519.1483342947173
1266 512.7471732043741
1268 489.5575504076523
1270 504.19971100153
1272 499.18829380103506
1274 505.08280875630624
1276 510.0434533646792
1278 512.1312504923405
1280 501.68629367152977
1282 523.1128976352269
1284 499.2274802445653
1286 527.1818440396214
1288 537.9476310569617
1290 526.6064831118792
1292 540.8044920759719
1294 529.6191438895289
1296 534.4098254915552
1298 513.4442756874445
1300 542.1358008244001
1302 544.6319535470468
1304 534.9710091922402
1306 521.7569750315711
1308 550.7847457546455
1310 549.0409047370205
1312 519.680227498329
1314 559.2673953011438
1316 540.2509549853451
1318 548.3237756817308
1320 537.4812168261282
1322 560.6331440504048
1324 536.0076152189662
1326 552.737269842285
1328 558.0509467891216
1330 545.147505072219
1332 542.5874645726611
1334 571.6417834012555
1336 547.3135545151142
1338 554.1936600378066
1340 548.1067670404823
1342 546.0004452855055
1344 551.1059649493669
1346 558.6685530965412
1348 585.3340127860855
1350 578.3127147257443
1352 586.3648246451476
1354 565.1684488171927
1356 590.9350165610447
1358 593.6789635585957
1360 586.6118785131519
1362 559.8753960284732
1364 568.9842791228442
1366 594.7067006087918
1368 585.1035033875896
1370 572.9273979307869
1372 569.5119630983215
1374 582.5511203957083
1376 593.3766086331575
1378 573.0006703202558
1380 575.0433718913185
1382 597.808966122311
1384 594.955644079001
1386 593.311870487043
1388 594.2293961188917
1390 617.4684923194426
1392 601.357846406179
1394 607.9743165623274
1396 615.6323482323148
1398 593.4126061716959
1400 625.8180976870287
1402 607.7779632665685
1404 627.3235711692982
1406 595.1947269189346
1408 609.0763645282259
1410 605.4033067819003
1412 618.2814804997107
1414 630.0126615080129
1416 636.4976569258124
1418 642.2598059564338
1420 642.5972814262034
1422 616.5004419488635
1424 618.8630311077196
1426 618.4231104344682
1428 620.6066253864602
1430 625.0795708212413
1432 617.7354293548481
1434 654.4164640856266
1436 627.8348598706186
1438 628.7326779112699
1440 659.9318303761626
1442 651.8785661535697
1444 643.2844181088909
1446 657.1971286805077
1448 670.2869826423153
1450 644.0975813260914
1452 666.5125211365306
1454 652.089473139741
1456 667.1349684624539
1458 651.7389249049633
1460 648.8973400973952
1462 668.2321654526419
1464 662.4346741431859
1466 670.313874211709
1468 682.8142842832333
1470 687.8476160353104
1472 651.7458332436545
1474 673.4485525257144
1476 655.5042183681013
1478 669.7449257980686
1480 676.7657911788056
1482 675.2650943466793
1484 676.0372839208076
1486 690.6001908457908
1488 702.4017483097207
1490 668.0445442881613
1492 695.0541864344194
1494 675.3775422786924
1496 704.9823838092091
1498 686.7447970969553
