200 31.114990373613047
202 35.71315514662403
204 39.45071661637838
206 42.066577459557635
208 53.32508061535337
210 19.394374541834093
212 54.65178432537979
214 54.57661436607437
216 26.973275281331112
218 27.251685795720174
220 49.352804216136406
222 25.69269766424006
224 47.044959435678074
226 47.9696561844083
228 57.73371322619165
230 34.15533573563225
232 28.917303142062124
234 34.76125890993197
236 54.22862427275943
238 51.37326137441747
240 43.73370616811289
242 60.27794483045484
244 35.28771910600962
246 40.33290949426791
248 52.373368812426364
250 25.924571116716507
252 36.74753697042868
254 29.881503578468063
256 50.047745458240755
258 31.187424708129665
260 31.47838949762408
262 46.55809883577592
264 60.623451169380964
266 25.163614081142956
268 61.71539586137404
270 60.25462049437842
272 51.29623291390543
274 34.304301567227995
276 43.72479658210368
278 55.47579002593892
280 45.84465045957471
282 58.158531115725175
284 46.38714876275592
286 64.52645153534701
288 53.38720405893487
290 64.11940609145762
292 33.12474182934003
294 55.04995538223369
296 41.11882477884694
298 69.46823585576561
300 31.85560815756626
302 43.74455610558317
304 49.27766220912065
306 36.74057422385188
308 71.51490806618851
310 33.70029940397465
312 39.61279764337833
314 66.72931011455866
316 42.03808596231248
318 58.848114687458065
320 37.98149178019418
322 66.71753569976357
324 58.084591385586336
326 74.4466240355882
328 46.64363177808179
330 49.44776060091728
332 47.33752903623911
334 59.805818890244126
336 52.53113901194253
338 79.65633724804735
340 54.567805086165166
342 43.27546265550516
344 51.02522037912129
346 61.539080769344196
348 80.83473269052367
350 66.63839647021412
352 66.2369704358389
354 61.08740297629993
356 58.35396241285237
358 68.89634656311699
360 58.10977910415434
362 60.192643165755655
364 47.65627483232436
366 72.27945336250627
368 80.72436663154716
370 51.486437965214535
372 53.655469314016706
374 82.56938940636476
376 78.73204336193668
378 62.86791321367869
380 79.73339306045489
382 56.09981856049758
384 55.58438243026099
386 68.61555385439235
388 92.5895588750592
390 58.97210110934942
392 86.78489620878482
394 57.18355008056513
396 69.92960959191902
398 75.85180498410091
400 95.90589786182093
402 60.6435913891296
404 75.86801220568685
406 69.62474848300374
408 69.05373629787309
410 82.08574060905045
412 64.35071560240932
414 73.66938524086004
416 100.65286605516108
418 88.60090122190223
420 91.34367366884535
422 86.89093121763156
424 74.37355143056243
426 79.45529931570212
428 73.43451976966512
430 76.73810147257656
432 71.84530541168466
434 88.7036351559397
436 77.878288629129
438 83.66850971691963
440 70.18219349789858
442 98.17355355883586
444 109.15956558036355
446 96.76455958618087
448 102.25335053317775
450 94.24580629621983
452 106.0671877925051
454 78.77856740399507
456 91.92237633941922
458 101.85607590490865
460 103.82425983245216
462 80.55707268278238
464 101.74434734207158
466 90.66259603136555
468 88.4489885877763
470 82.24281451252801
472 110.34080753658688
474 87.78439376471198
476 108.80710057958751
478 102.85237727878344
480 118.53219125043181
482 123.28515553855921
484 105.47220756344403
486 114.04809627695849
488 122.46013940439808
490 104.72372005804635
492 122.4651730626883
494 97.3947277009786
496 116.91545804060978
498 117.4771392150868
500 102.4038271419418
502 135.72509841149846
504 114.59041270682354
506 135.4251442044485
508 114.72708356725735
510 122.35249741424569
512 103.93565027076531
514 121.7716083616858
516 110.83738841905709
518 128.8252724679641
520 128.50301011130938
522 147.6100434508711
524 122.97947809078507
526 116.56637389791467
528 154.3268584056472
530 123.22987578967219
532 156.52683182025436
534 151.08203606068582
536 124.21297262399942
538 139.30936024798163
540 144.27801739533245
542 137.5038612667565
544 157.50184384222263
546 136.1743609890031
548 137.76289061205875
550 172.61284426367854
552 154.33806639121838
554 147.97943958249982
556 174.26512901154302
558 175.68395427341784
560 147.78139170259877
562 182.41914111239714
564 158.96720512766692
566 168.99214646213366
568 187.3458044466645
570 156.83838243132845
572 174.61359363466977
574 195.29141556450605
576 193.7634211440675
578 204.19980404933796
580 172.28012234930736
582 207.44204042525124
584 182.30480581322786
586 187.9542956602358
588 204.99292753831583
590 217.0189903765213
592 198.60074552049832
594 228.06777198129512
596 208.68529586103102
598 246.75069454073528
600 230.66464445475435
602 235.2370792825127
604 240.1602856023825
606 231.91869898956043
608 271.1652261253413
610 238.86156052514494
612 271.3750009003447
614 267.8157024352468
616 268.9625107791041
618 290.16569188713106
620 301.8724452260059
622 298.5702299766711
624 286.6570463924003
626 311.34006233815995
628 304.54029482689134
630 310.2082155650188
632 321.7303915869499
634 324.0599129554285
636 329.49844374745635
638 332.9568298998995
640 322.29428075326416
642 341.7231765323428
644 332.9186839537938
646 342.53656735466393
648 353.4584424879525
650 370.76097829263875
652 371.6715489090757
654 358.22597317140156
656 341.2743275105438
658 357.33186812162444
660 341.48074105525984
662 370.9632623425731
664 346.79908681711015
666 344.73444817412746
668 364.12022655042983
670 356.6496399710942
672 358.1537368314373
674 317.45878658674803
676 338.42566363120034
678 330.0396260076077
680 339.6303823008159
682 306.55550945909596
684 328.2372332469114
686 304.31818652173115
688 334.7667175856943
690 316.71698308990244
692 309.5957300670565
694 309.2593949409004
696 334.1015708744425
698 307.5935721865563
700 315.10812180383493
702 317.8079905816413
704 330.12206768862194
706 336.3397949209091
708 350.24459976066805
710 366.95137890256285
712 361.32115375487626
714 368.20875253559535
716 428.9598484589874
718 449.40871221346447
720 473.9816706524512
722 524.00697046301
724 579.9125402719151
726 651.4984175284578
728 699.1215666823805
730 728.7983215967231
732 746.9858272980974
734 702.92434838818
736 615.3071830160281
738 554.5965529307073
740 511.72119203959534
742 431.2661907655474
744 405.3729767023369
746 372.27977825148395
748 345.25066776368135
750 354.04265327686113
752 339.34505471431544
754 305.14373852406106
756 291.5897279499512
758 290.488664895037
760 272.4953139932124
762 259.27993384784895
764 276.129886925837
766 268.6013084299629
768 278.02347633122247
770 259.293638819238
772 262.69339735248303
774 276.62992335910656
776 249.3830813744226
778 242.09562099718346
780 248.4133116452279
782 241.08762229148323
784 238.8413620746628
786 245.64202585905278
788 269.9951204198592
790 251.63989133249893
792 232.954196592563
794 270.95435893891994
796 234.10291858502336
798 249.93708131987697
800 260.9233528448257
802 255.33789894058822
804 243.13541718968702
806 243.69717059029816
808 238.08468185817026
810 265.92257257670195
812 268.2079663498213
814 239.63362670992106
816 260.4485584680021
818 254.0069413886975
820 245.16728066911813
822 260.2496846920142
824 267.7215050839023
826 255.18738285970386
828 278.3140373734188
830 284.976233286823
832 283.85957985694154
834 275.86024979025865
836 271.32814119332636
838 290.4772797567265
840 297.7550646651968
842 266.47034347022765
844 266.38397857654275
846 287.4024893563727
848 298.83713954662494
850 291.9020238033114
852 276.48319895737575
854 313.95162883544884
856 322.43301027320604
858 323.45554337745443
860 329.25793680945606
862 314.2104374097924
864 327.26794566352123
866 328.18677567508263
868 353.8020731906672
870 363.7915057377439
872 342.8313419408088
874 366.8277043771443
876 368.5097937801811
878 387.85447306386936
880 415.7445588689079
882 404.6413179312287
884 431.72977738136194
886 439.6699302113512
888 479.58775196960585
890 518.1454147190544
892 534.7972448313764
894 557.7307193782468
896 562.5688407357709
898 581.3818430617922
900 575.234759241886
902 578.813661708117
904 570.7075578373192
906 545.9259253538983
908 527.4806458202809
910 528.7584106935565
912 499.85885918065134
914 483.0321258467294
916 453.48442964796936
918 455.8659324222872
920 430.53513460865156
922 409.3278416202579
924 406.6092822893452
926 407.57490294800994
928 381.69982790646907
930 364.11629270567033
932 393.3283851740309
934 368.92420637343497
936 378.79513383781847
938 369.6270363149098
940 345.90127497799267
942 347.5022593839492
944 356.1569389731279
946 332.5724533109599
948 339.2174642188776
950 357.4969754057258
952 354.25880456975165
954 324.4700019621044
956 341.2882011084065
958 353.5977548851271
960 322.4074283736794
962 340.9732664904851
964 341.50438903451595
966 350.86292423623536
968 317.972367666042
970 325.86061246162575
972 315.37885026446725
974 342.6043231454212
976 315.2601046843861
978 349.1874095628996
980 317.49420229337557
982 327.09901808573164
984 333.5809643373626
986 338.18641548751066
988 319.8181346864754
990 339.46942542967537
992 352.1234703932558
994 321.03106457167263
996 349.9532225361139
998 339.8659862730084
1000 325.3348594224347
1002 326.66969962972917
1004 343.33432967178294
1006 326.96642335357046
1008 352.95127718024946
1010 350.7473824052427
1012 356.62284916130477
1014 347.57666351185674
1016 345.14009624357806
1018 344.58308312031323
1020 355.6194059349526
1022 355.36683317708264
1024 343.4971705024933
1026 339.79328499727615
1028 354.00513065989963
1030 333.7533566880836
1032 331.3204341578389
1034 342.021114520227
1036 353.40818479733207
1038 366.88275812572147
1040 346.2603819275553
1042 357.5580845365056
1044 360.68415085802314
1046 344.04517714771447
1048 377.26357838249004
1050 348.1203245999022
1052 357.0101389301175
1054 379.9564142456961
1056 352.30026682329424
1058 350.943179455197
1060 346.6989276242521
1062 357.81714278989074
1064 357.7307984089258
1066 378.56229777663503
1068 349.7819320201707
1070 365.5302123204313
1072 367.5559009740201
1074 362.01628891013445
1076 359.158460000367
1078 374.5328332338447
1080 367.3576606526894
1082 390.43748672668926
1084 385.24280028184387
1086 384.07032388695404
1088 380.2659403310634
1090 365.37946272146985
1092 400.4943382564971
1094 384.60772104240607
1096 370.00920763392054
1098 398.0385949246167
1100 404.72734502200234
1102 402.7794385459842
1104 374.4196700298874
1106 384.962445953623
1108 375.93121869593887
1110 386.54320726268855
1112 383.727705609157
1114 410.16291610425816
1116 405.93970340769044
1118 397.8797511200969
1120 385.7731695455788
1122 389.94857079691633
1124 407.99738536867807
1126 415.88571432034155
1128 422.8019933853672
1130 407.63014055776915
1132 428.5677642620118
1134 391.98913081312827
1136 428.051698069601
1138 426.7946055165606
1140 407.09089696359126
1142 407.02495201542325
1144 422.49358969420655
1146 427.9439252687103
1148 411.7822335511625
1150 407.24725890154895
1152 406.32116012201004
1154 421.1283176744707
1156 412.062289491683
1158 424.637399064561
1160 415.3900038251375
1162 443.87879773741673
1164 410.63981284818976
1166 438.38011806594034
1168 440.88410302839327
1170 454.09547979652467
1172 435.02670519049155
1174 424.05098644808845
1176 429.88816576709075
1178 445.7516911692509
1180 448.34651398281625
1182 448.27320460305197
1184 436.36970106909354
1186 456.7215271519015
1188 451.1732491178834
1190 431.2770724583606
1192 468.5364470739322
1194 444.95362202604
1196 438.0229790962409
1198 455.6716538550028
1200 452.63930715276945
1202 441.9285182473741
1204 441.9126761633513
1206 462.9367376427981
1208 451.2925606548599
1210 452.6370783526585
1212 478.4473286361734
1214 481.4874096857061
1216 482.44969676208785
1218 468.9733892096568
1220 476.47291840281116
1222 479.15942215629605
1224 477.4597861678611
1226 459.54779194560206
1228 460.7732658191157
1230 485.99746277416114
1232 460.5291759532682
1234 464.8413267800067
1236 480.8860881598273
1238 500.59452486124206
1240 483.97926896916783
1242 494.8601236317959
1244 493.91951913814904
1246 500.2728843512539
1248 471.2569341229949
1250 499.4639835268327
1252 488.19794417957024
1254 511.074046318565
1256 496.1375435718882
1258 491.26267777339683
1260 517.3229476404032
1262 499.73843758338535
1264 518.8421961345898
1266 512.447715668042
1268 489.26461436179403
1270 503.9131418309167
1272 498.9079412569508
1274 504.80852681086463
1276 509.77510007077615
1278 511.86868784899394
1280 501.4293874943701
1282 522.861517431915
1284 498.9814990949231
1286 526.9411384802731
1288 537.712080970292
1290 526.3759716191245
1292 540.5789054342684
1294 529.3983713927538
1296 534.1937593747975
1298 513.2328110349581
1300 541.9288354808923
1302 544.4293880321654
1304 534.772746618128
1306 521.5629210233619
1308 550.5948083737833
1310 548.8549944072859
1312 519.4982569344664
1314 559.0892794399833
1316 540.0766109193206
1318 548.1531225947
1320 537.3141759314019
1322 560.4696385309021
1324 535.8475701694091
1326 552.5806122133557
1328 557.8976053335064
1330 544.9974102924641
1332 542.440548670775
1334 571.4979802299874
1336 547.172799530848
1338 554.0558902550072
1340 547.9719209876381
1342 545.86846296251
1344 550.9767877862856
1346 558.5421239137141
1348 585.2102757555144
1350 578.1916153337182
1352 586.2463096560626
1354 565.0524662385205
1356 590.8215156094094
1358 593.5678946269204
1360 586.5031931388338
1362 559.769046862554
1364 568.8802199001365
1366 594.6048861189319
1368 585.0038894469811
1370 572.829941355405
1372 569.4166216773482
1374 582.4578528659689
1376 593.2853746543319
1378 572.9114304508362
1380 574.95608756529
1382 597.7235996265285
1384 594.8721585312403
1386 593.2302298147024
1388 594.1495650383221
1390 617.3904363158854
1392 601.2815317142922
1394 607.8997101472788
1396 615.5594177714241
1398 593.3413200366087
1400 625.7484249264035
1402 607.7098735892597
1404 627.2570349280217
1406 595.1297150943958
1408 609.0128487136998
1410 605.3412591682459
1412 618.220873860807
1414 629.9534691866035
1416 636.4398528197445
1418 642.2033645052802
1420 642.5421775982551
1422 616.4466512284807
1424 618.8105294830305
1426 618.3718743854046
1428 620.5566318731197
1430 625.030797272565
1432 617.6878536576058
1434 654.3700645736983
1436 627.7896153145641
1438 628.6885675081777
1440 659.8888337397697
1442 651.8366633046438
1444 643.2435894658671
1446 657.1573550503724
1448 670.2482452117299
1450 644.0598616527478
1452 666.4758011407331
1454 652.0537350962064
1456 667.1001949923245
1458 651.7050989680259
1460 648.8644449845007
1462 668.2001847783184
1464 662.4035918384413
1466 670.2836745170167
1468 682.7849517416953
1470 687.8191354859941
1472 651.7181898150967
1474 673.421731629589
1476 655.478205693045
1478 669.7197073036604
1480 676.7413530896968
1482 675.2414231468682
1484 676.0143663480557
1486 690.5780138861767
1488 702.3802991923269
1490 668.0238104798917
1492 695.0341556349425
1494 675.3582024155077
1496 704.9637230328321
1498 686.7268037762202
