200 31.126997699541114
202 35.72527308982575
204 39.462946673222646
206 42.078921153103565
208 53.33753949594186
210 19.406950187695074
212 54.66447834325568
214 54.58942839186017
216 26.98621098073169
218 27.264744864925305
220 49.36598838251406
222 25.706008687048573
224 47.05839910679777
226 47.9832263290932
228 57.74741570384188
230 34.169172440587865
232 28.931276004418958
234 34.775369896380326
236 54.242875387446276
238 51.387654659832904
240 43.74824370600177
242 60.292628742754275
244 35.30255155581324
246 40.34789268681787
248 52.388504996133875
250 25.93986258421196
252 36.762986059642316
254 29.897112673742214
256 50.06351699147476
258 31.203361159958604
260 31.49449339863233
262 46.57437276774699
264 60.63989776658464
266 25.18023603166118
268 61.73219590846683
270 60.271601437891256
272 51.313397611719566
274 34.321652936755214
276 43.7423376018271
278 55.49352373700148
280 45.862579967417034
282 58.17665959177469
284 46.40547944616891
286 64.54498773480582
288 53.40594915450197
290 64.13836353648888
292 33.14391515245927
294 55.06934818937083
296 41.13844075534209
298 69.48807876854167
300 31.875681857372555
302 43.76486452931283
304 49.29820938220454
306 36.7613642627321
308 71.53594518087444
310 33.72158790068476
312 39.63434192727121
314 66.75111469255663
316 42.06015544602148
318 58.87045379618772
320 38.00410534408185
322 66.74042866300678
324 58.107768809787785
326 74.47009110321792
328 46.66739379606136
330 49.471823004330865
332 47.36189739217677
334 59.83049890178276
336 52.55613652227013
338 79.68165824473667
340 54.59345570560303
342 43.30144918748399
344 51.05154927159978
346 61.56575863338433
348 80.86176630541166
350 66.66579278877339
352 66.26473658994307
354 61.11554628259503
356 58.38249037869715
358 68.9252668927511
360 58.13909970510448
362 60.22237215549039
364 47.68642054516877
366 72.31002435682814
368 80.75537169722719
370 51.51788613141348
372 53.68736985725313
374 82.60175185891785
376 78.7648775205893
378 62.90122914881641
380 79.76720112553816
382 56.134129401924405
384 55.61920699763883
386 68.65090341123911
388 92.62544500995371
390 59.00853574755357
392 86.82189162436009
394 57.22111890900819
396 69.96776484334173
398 75.89056005698212
400 95.94526655735865
402 60.68358792622365
404 75.90865123658422
406 69.66604510964025
408 69.09570608894731
410 82.12839961786759
412 64.39408038553515
414 73.7134728776272
416 100.69769416807279
418 88.64648799798059
420 91.39003788197513
422 86.93809225195223
424 74.4215293049656
426 79.50411470949396
428 73.48419404945768
430 76.78865672047547
432 71.896764454845
434 88.75602159756608
436 77.93162688100097
438 83.72282503352807
440 70.23751201228484
442 98.22990232023051
444 109.21697259372809
446 96.82305385376253
448 102.31296209819409
450 94.30656628879788
452 106.12912847800743
454 78.84172223387431
456 91.9867800047511
458 101.92176439276429
460 103.89127048528016
462 80.6254442609833
464 101.8141200899588
466 90.73381174672016
468 88.52169069521688
470 82.3170481409316
472 110.41661960081295
474 87.86183305189832
476 108.8862178403052
478 102.93322532335759
480 118.61482505075534
482 123.36963233574932
484 105.55858698171497
486 114.13644044410918
488 122.55051307934066
490 104.81619076583033
492 122.55981123750578
494 97.49160683766905
496 117.01465485521713
498 117.57873381505914
500 102.50790320660273
502 135.83174338346058
504 114.69971799505842
506 135.53720539977328
508 114.84200067104643
510 122.47037508122607
512 104.05659806680711
514 121.89574103755335
516 110.96482620114165
518 128.95614136707658
520 128.63744225066873
522 147.74817741448138
524 123.12145929345017
526 116.71235497819458
528 154.47699964310874
530 123.38434554783316
532 156.68580701665525
534 151.2457026655509
536 124.38152618895892
538 139.4830064663205
540 144.45697269519974
542 137.68835343870768
544 157.69211270236673
546 136.3706590788791
548 137.96548393615785
550 172.82201306524888
552 154.55410596661852
554 148.202661133888
556 174.49586053707725
558 175.92254149336895
560 148.0281990188134
562 182.67455259734822
564 159.2316255378562
566 169.26600226880555
568 187.62954487459814
570 157.13248049382275
572 174.9185471496494
574 195.60774813286724
576 194.091683066855
578 204.54057315500086
580 172.634004696011
582 207.80967083592637
584 182.68684819261398
586 188.35144303354946
588 205.4059017402992
590 217.4485413075078
592 199.04764987286353
594 228.53283132544254
596 209.1693339652606
598 247.25455378453893
600 231.18918118113635
602 235.7831579230589
604 240.72877140064543
606 232.51044914603213
608 271.7810791935565
610 239.50232390656453
612 272.0414363194084
614 268.50850932950743
616 269.6823076168858
618 290.91299553047793
620 302.6476485924602
622 299.3735784201924
624 287.4886134188468
626 312.19972548705687
628 305.42771277601537
630 311.1228077286712
632 322.6713216576295
634 325.02607795217364
636 330.4884701509056
638 333.9690783454739
640 323.3268604999651
642 342.773970520767
644 333.9853847288979
646 343.61672349561763
648 354.5495145200295
650 371.86040243105725
652 372.7768064835054
654 359.33466327570085
656 342.3842403672429
658 358.441056866396
660 342.5875901212394
662 372.06655131647665
664 347.89804948779
666 345.8288274332367
668 365.2103267771671
670 357.7363795033277
672 359.23870408937114
674 318.54430440406463
676 339.51486743217373
678 331.1365627577188
680 340.74013880925816
682 307.68438083653587
684 329.3929454082811
686 305.5101909655178
688 336.0065828269998
690 318.018915849481
692 310.97727172341877
694 310.7423563954342
696 335.7132940282404
698 309.3686415819044
700 317.09069919627007
702 320.0550117307414
704 332.7076251325591
706 339.3611228613444
708 353.83013534017977
710 371.2712692329711
712 366.5999590186297
714 374.7380715677426
716 437.1030604060054
718 459.57656848619183
720 486.52911438938145
722 538.9572727156308
724 596.4028306511569
726 667.0592279478753
728 709.6195439127321
730 730.3529777653428
732 739.0566004899792
734 688.8154668736921
736 599.3603475295631
738 539.7506743033638
740 499.17844357024484
742 421.1620257164021
744 397.4011789760687
746 366.03021397519046
748 340.34501879833886
750 350.1723347044868
752 336.2709726016119
754 302.6845593661045
756 289.6088481619482
758 288.88308457866225
760 271.18698450217585
762 258.2092942120862
764 275.25111728029714
766 267.8788634983163
768 277.42955183922675
770 258.8063118487401
772 262.29525284878184
774 276.30703230975325
776 249.12423471775372
778 241.8917507413645
780 248.25705007135255
782 240.9729638214453
784 238.76340210031577
786 245.59675774932313
788 269.97927688163065
790 251.65081987956336
792 232.98976147837658
794 271.0128638148983
796 234.18304555400653
798 250.03784310333242
800 261.0440555710716
802 255.478113660394
804 243.29495868591857
806 243.87608240680498
808 238.28322675702987
810 266.1412278624466
812 268.44742368961295
814 239.89479624154131
816 260.7325771322239
818 254.31518555661893
820 245.5013832647158
822 260.61155714112357
824 268.113364558229
826 255.61178543332724
828 278.77391787454746
830 285.47495281439774
832 284.4009821452262
834 276.4487278499786
836 271.9687159399833
838 291.17569265918854
840 298.5178868119997
842 267.3051038543417
844 267.29931483088797
846 288.4083246076982
848 299.9448894471508
850 293.12483806246325
852 277.8362416829952
854 315.4524014587038
856 324.1017193696781
858 325.31551265544147
860 331.3360568755926
862 316.5376370101959
864 329.8796514185865
866 331.1233000763913
868 357.10882723860385
870 367.51886526808926
872 347.03389529288205
874 371.5624622519345
876 373.8327414809037
878 393.8145958687707
880 422.37421447582744
882 411.94168567775984
884 439.65034428397036
886 448.0820449017194
888 488.254830960024
890 526.6969160575753
892 542.7194990668528
894 564.3921913696628
896 567.2944450515338
898 583.5745631457636
900 574.5149395306245
902 575.1233088785825
904 564.3314056968521
906 537.4181713183227
908 517.5318047823231
910 518.0578671058973
912 488.9960294573865
914 472.4502331929589
916 443.47762921521246
918 446.6016285474907
920 422.0853231412853
922 401.69936756866207
924 399.7684827865959
926 401.4656744676357
928 376.25588614634216
930 359.26895137921235
932 389.0111527925529
934 365.0752544343421
936 375.3584100995207
938 366.5525569118246
940 343.14494737134
942 345.0254598443554
944 353.92598181414496
946 330.5580327376198
948 337.3941139327716
950 355.8425690471819
952 352.7541068384163
954 323.09827259728837
956 340.03484971121145
958 352.4500424667857
960 321.3542106607029
962 340.0047738732185
964 340.6120382845168
966 350.0391575429644
968 317.21051503955204
970 325.1547740503076
972 314.7237956110261
974 341.9954048338792
976 314.69318421036843
978 348.65879358899974
980 317.00058773430567
982 326.63744470893266
984 333.14877376889723
986 337.78121568538313
988 319.4377690886523
990 339.1119461061443
992 351.7871146340617
994 320.71423442911896
996 349.6544669118399
998 339.58398520169004
1000 325.06841025527723
1002 326.4177048642872
1004 343.0957862112813
1006 326.7404130098874
1008 352.73695826098555
1010 350.543982247584
1012 356.42965749434205
1014 347.39302654516223
1016 344.96541139361494
1018 344.4167942980268
1020 355.4609993279778
1022 355.21583346865185
1024 343.3531374765673
1026 339.65581048582345
1028 353.87383579377473
1030 333.62788941772783
1032 331.2004670141616
1034 341.9063425896079
1036 353.2983238878005
1038 366.77754310407545
1040 346.15956520954774
1042 357.46143471428366
1044 360.5914514508121
1046 343.9562254633148
1048 377.17818447854205
1050 348.03831033508925
1052 356.93133709654984
1054 379.8806677746599
1056 352.2274280573837
1058 350.8731094805828
1060 346.63149565748955
1062 357.7522256142493
1064 357.6682798557326
1066 378.5020682475787
1068 349.72388804691957
1070 365.47425615827626
1072 367.50194022657695
1074 361.964236182426
1076 359.1082325778628
1078 374.48435278526443
1080 367.31085295458314
1082 390.392281407992
1084 385.19913058676735
1086 384.0281264547279
1088 380.2251549911726
1090 365.3400323031551
1092 400.4562084113951
1094 384.5708400793044
1096 369.97352636469066
1098 398.00406652047013
1100 404.6939248792866
1102 402.747084160802
1104 374.3883408808829
1106 384.93210339233167
1108 375.9018258441498
1110 386.51472891630993
1112 383.7001081481186
1114 410.1361674080213
1116 405.91377277597036
1118 397.85460919843194
1120 385.74878825541236
1122 389.9249232698797
1124 407.97444588478925
1126 415.8634582498553
1128 422.78039713403086
1130 407.60918151525937
1132 428.54742075334156
1134 391.9693820528308
1136 428.03252411850985
1138 426.77598724102
1140 407.0728159969408
1142 407.00739072161355
1144 422.4765311334119
1146 427.9273531648143
1148 411.7661322610002
1150 407.2316133857986
1152 406.3059559176336
1154 421.11354086860956
1156 412.0479266969219
1158 424.6234373954786
1160 415.37643087606796
1162 443.86560156135045
1164 410.6269819367484
1166 438.3676413303624
1168 440.871969781474
1170 454.08367973545444
1172 435.015228380543
1174 424.0398233071042
1176 429.877307050727
1178 445.74112795693577
1180 448.3362376643829
1182 448.26320686600945
1184 436.35997388650185
1186 456.71206277081745
1188 451.1640400483466
1190 431.26811146289185
1192 468.5277271575164
1194 444.9451364265684
1196 438.0147212753887
1198 455.66361748952016
1200 452.63148612616345
1202 441.92090664196303
1204 441.9052682526715
1206 462.92952788434565
1208 451.28554368315116
1210 452.6302489725923
1212 478.4406818166813
1214 481.4809405536756
1216 482.44340059654553
1218 468.967261436199
1220 476.46695458826997
1222 479.15361800362905
1224 477.45413751125517
1226 459.5422947457796
1228 460.7679161588354
1230 485.992256853903
1232 460.5241100870942
1234 464.83639739158997
1236 480.88129177864096
1238 500.5898581189012
1240 483.9747285959171
1242 494.85570645313646
1244 493.9152220715985
1246 500.26870440323313
1248 471.25286838583656
1250 499.4600291759054
1252 488.19409847051384
1254 511.0703065846319
1256 496.133907221386
1258 491.2591422872281
1260 517.3195105696982
1262 499.7350965472234
1264 518.8389488178059
1266 512.444559819115
1268 489.26154779081287
1270 503.9101624076211
1272 498.905046908844
1274 504.80571552139475
1276 509.77236987758323
1278 511.86603684222035
1280 501.42681381503144
1282 522.8590192703289
1284 498.97907468919425
1286 526.9387861148314
1288 537.709798974482
1290 526.3737583658448
1292 540.5767593386576
1294 529.3962909109223
1296 534.1917430026036
1298 513.230857306825
1300 541.9269429686664
1302 544.4275553440126
1304 534.7709723974682
1306 521.5612039478387
1308 550.5931471542689
1310 548.8533877869181
1312 519.496703687719
1314 559.0877783717656
1316 540.0751608641082
1318 548.1517224156927
1320 537.31282451971
1322 560.4683348047588
1324 535.8463130734078
1326 552.5794007177128
1328 557.896438433347
1330 544.9962870071313
1332 542.4394680431595
1334 571.4969413258805
1336 547.1718014383132
1338 554.0549320837722
1340 547.971001868506
1342 545.8675820467882
1344 550.9759442452331
1346 558.541316938005
1348 585.2095045547184
1350 578.1908791357972
1352 586.2456077068821
1354 565.0517978013758
1356 590.8208799645668
1358 593.5672910711713
1360 586.502620985063
1362 559.7685054393202
1364 568.8797085512654
1366 594.6044042031217
1368 585.0034363374195
1370 572.8295164393969
1372 569.4162243559551
1374 582.4574825536583
1376 593.2850307786371
1378 572.9111124520257
1380 574.9557948960465
1382 597.7233317516374
1384 594.8719149272868
1386 593.2300099697771
1388 594.1493684517352
1390 617.3902624978894
1392 601.2813801858109
1394 607.899580439646
1396 615.5593094261279
1398 593.3412326050435
1400 625.7483579696291
1402 607.7098266777671
1404 627.2570076415044
1406 595.1297070215292
1408 609.0128594519243
1410 605.3412883235579
1412 618.220921047555
1414 629.9535340272885
1416 636.4399349448279
1418 642.2034635529951
1420 642.5422932144236
1422 616.4467830663356
1424 618.810677203042
1426 618.3720376551115
1428 620.5568103669652
1430 625.0309906717365
1432 617.688061649879
1434 654.3702868532858
1436 627.7898515819672
1438 628.688817470043
1440 659.8890971087479
1442 651.8369397992544
1444 643.2438788103641
1446 657.1576569746151
1448 670.2485594510566
1450 644.0601879478526
1452 666.4761392375455
1454 652.0540847457746
1456 667.1005559507015
1458 651.7054709961579
1460 648.8648278481189
1462 668.2005782478332
1464 662.4039956888394
1466 670.2840885277602
1468 682.7853756966241
1470 687.8195691732301
1472 651.7186330269503
1474 673.4221841624685
1476 655.4786673473675
1478 669.7201778837656
1480 676.741832403762
1482 675.2419110068263
1484 676.0148625695143
1486 690.5785182883399
1488 702.3808115979185
1490 668.0243307150805
1492 695.0346835292693
1494 675.3587378018134
1496 704.9642657471891
1498 686.7273536578635
