200 30.44765909425886
202 35.03962767628462
204 38.77090901008365
206 41.38040427623001
208 52.632454884696074
210 18.695207730342876
212 53.94598630145102
214 53.864093364181564
216 26.253937865240907
218 26.525436820717687
220 48.61954679022901
222 24.95233310830733
224 46.297387242534576
226 47.214773976744674
228 56.97141671335821
230 33.38551866922798
232 28.139857270290577
234 33.97607393068431
236 53.435587785383134
238 50.57225883012791
240 42.92462081900325
242 59.460657677058336
244 34.462108843365996
246 39.498852456444695
248 51.5307389154432
250 25.073239799819103
252 35.887373135656794
254 29.012373528459804
256 49.16951283221324
258 30.299950415973875
260 30.58153165204905
262 45.65171268243528
264 59.70738901491174
266 24.237725219044194
268 60.779526495649634
270 59.30861366086572
272 50.33992839920789
274 33.33753582516701
276 42.747402647601156
278 54.48759742623868
280 44.84548512270691
282 57.14821527611426
284 45.36550086386811
286 63.49328612926955
288 52.34233170277425
290 63.06263324043967
292 32.05587072648956
294 53.96878394450653
296 40.02514647958137
298 68.36183960331502
300 30.73627816996851
302 42.6120717811162
304 48.13179799258714
306 35.58109946842921
308 70.34158689067273
310 32.51289054524004
312 38.41105430386591
314 65.51297980459897
316 40.806910337079096
318 57.601829378339275
320 36.71982622036063
322 65.44021294369962
324 56.79132792234231
326 73.13712959549952
328 45.317609132689356
330 48.1049053558112
332 45.97752941653479
334 58.42835551838637
336 51.13588467751866
338 78.24295666927566
340 53.135954662708876
342 41.824790212245325
344 49.555364900504784
346 60.04967212390399
348 79.32539134514934
350 65.10873319372979
352 64.68658599142401
354 59.51588780226549
356 56.76089629126102
358 67.28129827570969
360 56.47230607501948
362 58.5322910901481
364 45.97257729101162
366 70.57193142098745
368 78.99252842345659
370 49.72977825918652
372 51.87346906325032
374 80.76151528008793
376 76.89774725792662
378 61.00663175095151
380 77.84454705118974
382 54.18281246021127
384 53.63860376519579
386 66.64037262502396
388 90.58432693457225
390 56.93615151586528
392 84.71754255005926
394 55.08408576980324
396 67.79730713327874
398 73.68591520637759
400 93.70564911872012
402 58.40818872444521
404 73.59663648160655
406 67.31655546966141
408 66.70785572216022
410 79.70127516058359
412 61.92673989442797
414 71.20494472369955
416 98.14697587980662
418 86.05254505098182
420 88.75180243226367
422 84.25446180987811
424 71.69136534654939
426 76.7262412217971
428 70.65739600638108
430 73.91167848516497
432 68.96830810464665
434 85.77474516722398
436 74.8961425195223
438 80.631697069854
440 67.08925492460072
442 95.02297860342244
444 105.94979051914427
446 93.49396511506518
448 98.92025933668941
450 90.84848049120549
452 102.60382623917539
454 75.24730287645819
456 88.32127254735498
458 98.1831243574832
460 100.07737653498742
462 76.73409465606724
464 97.84302895353035
466 86.68060512658121
468 84.38390241009728
470 78.09211539766467
472 106.10187836822371
474 83.45451317622017
476 104.38343788591497
478 98.3319871215227
480 113.91200793791475
482 118.56198706159704
484 100.64272926601693
486 109.10884415975659
488 117.40750303761854
490 99.55393507825653
492 117.17431322686598
494 91.97869646903311
496 111.36997965576823
498 111.79774924949294
500 96.58586247265795
502 129.76368658982219
504 108.48046068142723
506 129.1613263563234
508 108.30382901179613
510 115.76397652303302
512 97.17576036277508
514 114.83395851061496
516 103.7152833204815
518 121.51169530690167
520 120.99060436765376
522 139.89109357705644
524 115.04588899301069
526 108.4096491493694
528 145.938077117506
530 114.59966806330652
532 147.64535270222825
534 141.93893792087164
536 114.79737587673851
538 129.60982233688588
540 134.28249996437228
542 127.19969544407914
544 146.87569356913514
546 125.2121843352761
548 126.44989903080912
550 160.93345975535104
552 142.2758765675407
554 135.51715064884922
556 161.38451672125922
558 162.3658129518002
560 134.00548149348768
562 168.16413366854107
564 144.21062805005903
566 153.71032689612093
568 171.51381236728815
570 140.4299743009352
572 157.60115729672583
574 177.64591745364422
576 175.4543571490629
578 185.19515566868546
580 152.54632013433522
582 186.9439371191896
584 161.0056620718695
586 165.81578178526712
588 181.9751452707162
590 193.0805194842947
592 173.69872066758847
594 202.15799617153377
596 181.72239759208654
598 218.68833664590937
600 201.4557934070649
602 204.83434441796584
604 208.51633819576435
606 198.98678126644262
608 236.89975996716697
610 203.21886463716623
612 234.31412335274763
614 229.2993725236994
616 228.95820984657234
618 248.64683689279929
620 258.8196712926457
622 253.9727488657079
624 240.51404699912206
626 263.6621072720181
628 255.35065466123945
630 259.54407047641917
632 269.6438202698253
634 270.61858257299605
636 274.7859140443055
638 277.07239107655664
640 265.35225941984976
642 283.8516673029917
644 274.25769515621516
646 283.23560575241504
648 293.67360047097503
650 310.6516234452682
652 311.3967457152338
654 297.94078585405055
656 281.1261588354863
658 297.4569803824993
660 282.00108329576494
662 311.98369480113695
664 288.40505343284076
666 286.990105058725
668 307.0669925842751
670 300.30509815977155
672 302.51078347461254
674 262.4848999319476
676 284.0621434257428
678 276.20063800308935
680 286.20162418865806
682 253.3922930695673
684 275.16174755323635
686 251.1156615722769
688 281.18014411487786
690 262.4399473307899
692 254.26278612550578
694 252.43320116538797
696 275.25573826013596
698 246.0897786860649
700 250.16549062013405
702 248.46195282476998
704 255.16885902964592
706 254.26131064397308
708 259.10656972948067
710 264.2660131957391
712 243.86462714785594
714 231.7872887049623
716 268.133978635697
718 257.2332802273322
720 241.94107846839188
722 242.58758937026641
724 240.6771096261938
726 251.7464979803761
728 248.84823032795572
730 255.21386242929202
732 288.7390139602743
734 294.73189266666895
736 276.3057896478372
738 288.5543096140157
740 313.7985753938573
742 294.1834076131627
744 322.8264996866329
746 340.34439466815917
748 362.81903631796763
750 422.9014650956236
752 464.03785061645397
754 492.3664918976697
756 548.3954815328962
758 620.198903604434
760 667.9895922367336
762 697.0546476068978
764 718.9473814641252
766 679.3926231506595
768 633.8034686655187
770 553.8484811291944
772 500.70754154691895
774 467.08005207944336
776 401.5982756328492
778 364.16327282755003
780 346.8286946072053
782 320.89552145080904
784 303.9102253258766
786 298.93194065533214
788 313.7788652564104
790 287.6734081572356
792 262.60428933094204
794 295.29327578298694
796 253.9782560352398
798 266.02359297265554
800 273.76155614052607
802 265.3630392375205
804 250.69935642280964
806 249.0850495926532
808 241.52769154624866
810 267.60780272102085
812 268.2860388974187
814 238.22463283978533
816 257.6466829865343
818 249.88405943978253
820 239.7757393422112
822 253.6244284476398
824 259.88166367683493
826 246.13740985906932
828 268.04446375726286
830 273.46408197279084
832 271.06847198871674
834 261.7402210659784
836 255.8151756904498
838 273.49255895450784
840 279.20392020029306
842 246.24089319229813
844 244.34541639131396
846 263.40298992790144
848 272.70132905249534
850 263.4279576132672
852 245.43877657795434
854 280.0703663322274
856 285.40908183680006
858 282.9379988766407
860 284.8440047312651
862 265.4378385838239
864 273.6061824232953
866 269.0274392041409
868 288.44835296183817
870 291.4473259516674
872 262.5909447686233
874 277.6671245052408
876 269.28262211665157
878 277.29570152982865
880 292.48822157146907
882 267.26007002078995
884 278.80715046968436
886 269.9178128469255
888 292.0206530064089
890 312.3159547566565
892 311.0800981860926
894 317.61297464046305
896 308.86901917586283
898 318.2959328413571
900 308.1233795191511
902 313.7170186133493
904 313.6831047978775
906 302.3863384175536
908 301.7097326486189
910 323.6998898764151
912 317.1647124386389
914 323.2846945544409
916 316.4906879103824
918 340.94626682720747
920 336.764704656063
922 335.71786064344286
924 352.2327853047002
926 371.6486704620865
928 363.635090723754
930 363.54895691019203
932 410.13677425758317
934 403.2396373051142
936 431.008295182983
938 440.39105727868446
940 436.13035528419323
942 458.3625108337228
944 489.04342363156695
946 489.0631494409693
948 520.9911979777584
950 566.199007079092
952 591.2966994146021
954 590.7273009541957
956 636.7595025935525
958 676.9808946682087
960 670.7350979607828
962 709.4117362624204
964 723.4573978633659
966 738.4584860845232
968 702.8781258119299
970 700.2298454988195
972 672.6662869298639
974 678.0538818229165
976 626.0102117699946
978 634.0716828488373
980 576.6756087897498
982 561.6652332377553
984 545.183344208182
986 528.758351208011
988 491.3764879781141
990 493.98664683502045
992 491.4531016150355
994 446.87034667501655
996 463.82980376224083
998 443.13927596456597
1000 419.20558818159077
1002 412.193517617011
1004 421.4368701365538
1006 398.45832493887775
1008 418.542344625267
1010 411.0594915780852
1012 412.2014576358286
1014 398.9009337793327
1016 392.6317163281625
1018 388.6139056573475
1020 396.51803874639256
1022 393.42431270235414
1024 378.97184064492
1026 372.9149919309775
1028 384.97883117339165
1030 362.76222497090765
1032 358.5285402049707
1034 367.5757368125776
1036 377.4418106841202
1038 389.5148173412113
1040 367.5987518193941
1042 377.7003997412981
1044 379.71894520331523
1046 362.05288136571113
1048 394.31739367803846
1050 364.2869891247978
1052 372.35060169186625
1054 394.5264288479466
1056 366.15091563470656
1058 364.1213372807292
1060 359.24767266326876
1062 369.77612157186314
1064 369.13655046856564
1066 389.44854503996766
1068 360.17983719946466
1070 375.46861004077454
1072 377.0615048623881
1074 371.1138774562117
1076 367.87104363642885
1078 382.8818047696651
1080 375.3629309331319
1082 398.11760714799215
1084 392.6150736022415
1086 391.150904593652
1088 387.0699256748587
1090 371.9209753992319
1092 406.7866016075342
1094 390.6631275250917
1096 375.8393812618436
1098 403.6544482652453
1100 410.1391312939541
1102 407.99679929222805
1104 379.4516787924989
1106 389.8176483301478
1108 380.6176691172089
1110 391.06850279638945
1112 388.09901706198565
1114 414.38701666761824
1116 410.02299506711745
1118 401.8282890265976
1120 389.5926845274807
1122 393.64449017336403
1124 411.57485221033136
1126 419.34960528890656
1128 426.15693527113444
1130 410.8805256231727
1132 431.717764489215
1134 395.0427111446553
1136 431.01262872295246
1138 429.66647344648237
1140 409.877116539114
1142 409.7287749728802
1144 425.11811442210376
1146 430.4921054755003
1148 414.2568863626087
1150 409.65107243041746
1152 408.6567005492422
1154 423.39803587773883
1156 414.26852725427824
1158 426.7823948948779
1160 417.4758984145756
1162 445.9076390822951
1164 412.6135610592403
1166 440.30064988709535
1168 442.7532160848916
1170 455.9148965908162
1172 436.7980768630056
1174 425.7758963186382
1176 431.56813267150113
1178 447.3881726047084
1180 449.94090907444377
1182 449.82685690329384
1184 437.88390120065685
1186 458.19751530422286
1188 452.61221740637905
1190 432.6801671550628
1192 469.90477071750814
1194 446.288235418633
1196 439.3249031940586
1198 456.94187155910294
1200 453.87876500605216
1202 443.13812804338653
1204 443.09331647213287
1206 464.089255258647
1208 452.41777197058036
1210 453.7357706645479
1212 479.52026138373344
1214 482.5353156298031
1216 483.47328310505
1218 469.9733386605739
1220 477.44989019109653
1222 480.11405299637744
1224 478.3926911776913
1226 460.45956552151114
1228 461.66448246937404
1230 486.86867791347726
1232 461.38092666031076
1234 465.6741325199152
1236 481.7004514735584
1238 501.3909320234893
1240 484.7581906164895
1242 495.6220153624918
1244 494.6648220853359
1246 501.00202573050643
1248 471.9703277558415
1250 500.16203034131996
1252 488.88103268904445
1254 511.7425530797508
1256 496.791833623288
1258 491.9031050549751
1260 517.9498553954674
1262 500.35215874352684
1264 519.4430536884983
1266 513.0360230149657
1268 489.8406756503751
1270 504.4772522840922
1272 499.46038748357347
1274 505.3495871046638
1276 510.3050446972444
1278 512.3877793207577
1280 501.9378808355705
1282 523.3596604321007
1284 499.46953255292897
1286 527.4192964385362
1288 538.1805909400329
1290 526.8350547967995
1292 541.0287769096803
1294 529.8392403491866
1296 534.6258292815248
1298 513.6562798324567
1300 542.3438957590758
1302 544.8362272019396
1304 535.1715470765513
1306 521.9538603126849
1308 550.9780593346255
1310 549.2307253261956
1312 519.8666316860998
1314 559.4504576241261
1316 540.4307479929657
1318 548.5003699993847
1320 537.6546812159992
1322 560.8035454700502
1324 536.1750188777571
1326 552.9017392557936
1328 558.2125438315395
1330 545.3062900268878
1332 542.743496180794
1334 571.7951189089222
1336 547.4642497185614
1338 554.3417693271791
1340 548.252343442012
1342 546.1435405022266
1344 551.2466294004183
1346 558.8068359551106
1348 585.4699620160491
1350 578.4463771170541
1352 586.4962458480142
1354 565.2976733751098
1356 591.0620879427015
1358 593.8039241887199
1360 586.7347698023219
1362 559.9962584019426
1364 569.1031520484113
1366 594.8236226237548
1368 585.2185121248184
1370 573.0405301439458
1372 569.6232546862751
1374 582.6606064261387
1376 593.4843233654235
1378 573.1066472275216
1380 575.1476436819789
1382 597.9115647607363
1384 595.05660080563
1386 593.4112158378443
1388 594.3271599442171
1390 617.5647038022947
1392 601.4525340799133
1394 608.0675083278086
1396 615.7240713745466
1398 593.5028873759435
1400 625.9069630544506
1402 607.8654383293751
1404 627.409680905454
1406 595.2794957664184
1408 609.1598163988656
1410 605.4854650747955
1412 618.3623681142583
1414 630.0923008565481
1416 636.5760699458788
1418 642.3370141226939
1420 642.6733057620037
1422 616.5753030374625
1424 618.9367491031927
1426 618.4957050722985
1428 620.6781159938265
1430 625.1499763270119
1432 617.8047682992916
1434 654.4847546298477
1436 627.9021198057275
1438 628.7989246672952
1440 659.997081030715
1442 651.9428374402645
1444 643.3477264255366
1446 657.2594900970691
1448 670.3484129086579
1450 644.1580958795123
1452 666.5721351090855
1454 652.1482013653708
1456 667.1928254839198
1458 651.7959249805931
1460 648.9534972076502
1462 668.2874933065068
1464 662.4891861843887
1466 670.3675836247761
1468 682.867203999384
1470 687.8997587381963
1472 651.7972113749482
1474 673.4991782905522
1476 655.5541037403834
1478 669.7940825256227
1480 676.8142307884158
1482 675.3128281489868
1484 676.0843230150841
1486 690.6465461245915
1488 702.4474304634166
1490 668.0895638093584
1492 695.0985536222652
1494 675.4212672430733
1496 705.0254764748436
1498 686.7872672073839
