200 29.94958440638313
202 34.536795724887895
204 38.26325490056117
206 40.86786195775498
208 52.11495712469093
210 18.17268608827648
212 53.41837110194102
214 53.331313669380435
216 25.715921446483435
218 25.982110129406948
220 48.070834927936914
222 24.39815979606511
224 45.737674789287595
226 46.649443246945125
228 56.400387093668165
230 32.80870803430439
232 27.557181947622734
234 33.38744866445314
236 52.84092569931066
238 49.97147138928399
240 42.31761779053552
242 58.847347089809915
244 33.84239694634434
246 38.87264367610341
248 50.897935811737405
250 24.433743020993226
252 35.241081371722245
254 28.35918346331825
256 48.509319094379634
258 29.632645527851416
260 29.907005977706604
262 44.969854373835645
264 59.01808395653733
266 23.540856970864454
268 60.074976234372315
270 58.59626011941187
272 49.619647804348105
274 32.60920183325364
276 42.01088627832907
278 53.74276699436383
280 44.09220616764972
282 56.38635048937109
284 44.594910014151765
286 62.71382598529574
288 51.55385595360809
290 62.26499241331208
292 31.248912101990392
294 53.15235146905661
296 39.19908067508199
298 67.52597747386875
300 29.890453105560983
302 41.7561134581435
304 47.26553227110854
306 34.704348286019815
308 69.45416815274507
310 31.614618011697807
312 37.50173747194727
314 64.59242378776021
316 39.874915739762905
318 56.65819216646507
320 35.76433758736677
322 64.4726591719598
324 55.81149023977042
326 72.14478402714843
328 44.31252634714057
330 47.08685050614265
332 44.94626197564418
334 57.38362910843709
336 50.07744689326458
338 77.1705488950091
340 52.04931188256445
342 40.72364081357922
344 48.43943047005574
346 58.91866723642801
348 78.17902334420529
350 63.94670196427721
352 63.50858372387785
354 58.321598747635086
356 55.54999650698192
358 66.05345536175761
360 55.227178899875064
362 57.26952950615919
364 44.691821838677114
366 69.27281302166222
368 77.67466805995139
370 48.39278664370984
372 50.516946292110255
374 79.38505047454174
376 75.50091819053388
378 59.58900445675227
380 76.40567542299374
382 52.72223782724562
384 52.15585445431829
386 65.13496350366675
388 89.05575893453485
390 55.3839111370279
392 83.14110134303681
394 53.48289979650564
396 66.17081640428634
398 72.0335430939793
400 92.02680174439696
402 56.7022543195137
404 71.86298471966285
406 65.55453676938974
408 64.91680051898655
410 77.88049314556754
412 60.07551921869286
414 69.32255116660087
416 96.23265197893332
418 84.10550919197269
420 86.77124789630032
422 82.2395557765888
424 69.64124784992168
426 74.64002405655174
428 68.53416158210504
430 71.75047862533594
432 66.76816278750569
434 83.53464120526422
436 72.61503217416139
438 78.30849659764318
440 64.72284305109491
442 92.61219492059051
444 103.49343380193801
446 90.9907915524856
448 96.36898067239076
450 88.24776206835786
452 99.95228494396578
454 72.54350497424444
456 85.56373140509656
458 95.37029804565513
460 97.20766530173651
462 73.80583826589127
464 94.85450388224976
466 83.63002160382428
468 81.26940129993456
470 74.91176490740114
472 102.85367057468635
474 80.13636035816128
476 100.9931686503843
478 94.8673423112409
480 110.37063630580397
482 114.94144069768761
484 96.94045876094896
486 105.32219348802738
488 113.53370414258865
490 95.59010213971382
492 113.11743659065553
494 87.82563621688801
496 107.11745879201735
498 107.44234647977595
500 92.12400454814149
502 125.19164018868194
504 103.79432379754074
506 124.35701916320444
508 103.37708416779932
510 110.7103288817689
512 91.99053605050827
514 109.512263330183
516 98.25199043898127
518 115.90143218206427
520 115.22773886549356
522 133.9697192310662
524 108.95980935292653
526 102.15236116539921
528 139.50275350397033
530 107.97913858396522
532 140.83208431826466
534 134.9250137417058
536 107.57447285370114
538 122.1691876404978
540 126.6149259877777
542 119.2954933783594
544 138.7246655011326
546 116.80359382560474
548 117.77244013942439
550 151.97522449500565
552 133.02432078239093
554 125.95905833726826
556 151.5059628495913
558 152.15212484057417
560 123.44119890094929
562 157.23296774994697
564 132.89541943699084
566 141.99300322041537
568 159.37534565169096
570 127.85033875629372
572 144.55928820685364
574 164.11967199772965
576 161.42047821182297
578 170.6292399248648
580 137.42279197126575
582 171.23603028359835
584 144.68541129924634
586 148.8540270954136
588 164.34155209368663
590 174.74361831662213
592 154.62597054578845
594 182.31587687972086
596 161.07653617750174
598 197.20367447528946
600 179.09680062100642
602 181.56528917735886
604 184.30161849299174
606 173.79132720162013
608 210.6895141494403
610 175.9613476214994
612 205.97908959984642
614 199.8595600952084
616 198.39018373749224
618 216.9319213951357
620 225.94496096561565
622 219.9321805367319
624 205.30950685580353
626 227.3045378425676
628 217.86111687666642
630 220.95470689252787
632 229.99865799768105
634 229.97410982682695
636 233.21136384773652
638 234.6496708317236
640 222.17547662092062
642 240.0262198943238
644 229.89891923859733
646 238.4670018683387
648 248.62468995085823
650 265.4555150052106
652 266.1875162009087
654 252.85079464721136
656 236.28342085358594
658 252.9827170477615
660 238.0075550841225
662 268.57239512537376
664 245.66531474118594
666 244.99813759744134
668 265.88534754066313
670 259.9825224646798
672 263.08241505340516
674 223.9727402976294
676 246.47573896756188
678 239.537901242442
680 250.44973037351974
682 218.52859435454343
684 241.1546553325586
686 217.92545616459162
688 248.75967906525818
690 230.73522248065817
692 223.2133689145907
694 221.97247915287835
696 245.31098747704291
698 216.58203210032877
700 221.0091886483023
702 219.5643533417677
704 226.42917748993014
706 225.56955135677887
708 230.34199643618123
710 235.2951899934676
712 214.53893820474624
714 201.93981527988348
716 237.57557203754988
718 225.74761582232523
720 209.27840340878592
722 208.45677788591104
724 204.73550380026148
726 213.58682364749868
728 207.98161530933768
730 211.0476169625884
732 240.54731816491588
734 241.61681622121142
736 217.14507481057376
738 221.93101232022315
740 237.90596601078744
742 206.69667343932338
744 220.7315655779127
746 219.71602246133537
748 218.551811593561
750 248.43436135401498
752 251.21098507556695
754 231.76949987986384
756 230.95895541340178
758 241.13077299974478
760 233.37662430047658
762 229.72942882246534
764 255.79268955300185
766 257.415293456624
768 276.2166495184645
770 267.40202484181714
772 281.601264297239
774 307.6363657599924
776 294.3012937720426
778 303.393256145248
780 329.4027457315059
782 346.1697364384862
784 373.78526781460255
786 417.8218502098465
788 488.35482617981677
790 525.8505373944718
792 570.7933078509741
794 672.9365877542969
796 686.4798857522189
798 722.1157819173396
800 714.3587064044114
802 659.4468257677628
804 584.1896573814394
806 522.2422400862287
808 461.94057084736
810 444.8156127261327
812 411.15181405652595
814 354.0886261573006
816 352.2892647076959
818 327.76235654477546
820 304.30497715050734
822 307.4251965097898
824 304.9757717921361
826 284.0963375528606
828 300.09981663389897
830 300.589300098012
832 294.03932607562604
834 281.1798083363327
836 272.2276070807112
838 287.2883713764917
840 290.71940013208706
842 255.7528888247324
844 252.08278085668147
846 269.555488106695
848 277.42661869943515
850 266.8570961300527
852 247.6805894341153
854 281.21492910977884
856 285.5305061895034
858 282.0966670541251
860 283.0883632760471
862 262.8058362073622
864 270.1264176474258
866 264.7200684901159
868 283.32579856023835
870 285.51481372879533
872 255.84689516078137
874 270.1034140458828
876 260.88472831395313
878 268.04273996924906
880 282.3528807657194
882 256.208446558259
884 266.79848428264074
886 256.9041198147824
888 277.9462495228263
890 297.1168662259695
892 294.6833405812559
894 299.93569515722567
896 289.8174785578059
898 297.76430802232414
900 285.99236071916823
902 289.8521698074271
904 287.9329504217151
906 274.5801321437134
908 271.6548559305268
910 291.1788186093073
912 281.93147947762753
914 285.0607640257899
916 274.960144527154
918 295.75021041228126
920 287.49472803485463
922 281.90848025806156
924 293.35269222514455
926 307.0906814571201
928 292.70471536781406
930 285.45157441637025
932 323.96355965216725
934 307.95263190149774
936 325.4254426981963
938 323.1727131079885
940 305.7698430103403
942 313.18489535951255
944 327.21894226287156
946 308.64475604571976
948 319.989228305477
950 342.7092455607379
952 343.6991483981967
954 317.96805342683024
956 338.7120226537078
958 354.8509399678469
960 327.42687659791784
962 349.72757584240594
964 353.9928227278725
966 367.11492285238955
968 338.04759041055934
970 349.84950448792887
972 343.40374628900173
974 374.82111122826814
976 351.8604883399852
978 390.4018215663818
980 363.5954398941556
982 378.40668698096124
984 390.4668376753145
986 401.08083404562694
988 389.21759436365244
990 415.94551660304967
992 436.3333473862961
994 413.72962702477304
996 452.00717474002823
998 452.2698905939923
1000 449.22919189849455
1002 463.36071207324613
1004 494.3151654118061
1006 493.9383366889079
1008 537.842845260489
1010 555.7281035017263
1012 584.1052850959755
1014 600.1980990251316
1016 625.7104628500779
1018 655.9809138224672
1020 700.6129998838501
1022 736.3363799866606
1024 762.0404578091143
1026 796.2201896092786
1028 846.7710717191865
1030 858.9473032067593
1032 882.3866129294763
1034 909.9081287607328
1036 927.2546613360938
1038 935.1633448334153
1040 898.114625630195
1042 883.9364339634265
1044 855.0336149333259
1046 802.4584604324292
1048 798.2008116720101
1050 731.8971012816127
1052 705.231003421105
1054 695.0093952697218
1056 636.9626344280291
1058 608.1036266844466
1060 579.1788011087946
1062 568.26647274824
1064 548.5763080608206
1066 551.9891595981716
1068 507.73601961419615
1070 509.7318220981459
1072 499.5191030489974
1074 483.0703030522034
1076 470.46894754378343
1078 477.12195752702746
1080 462.1223660934246
1082 478.1658040890046
1084 466.6281903233276
1086 459.7241799059407
1088 450.72842101597263
1090 431.12884323791116
1092 461.9550650018473
1094 442.1573430152468
1096 423.9843403903754
1098 448.74005479722354
1100 452.42457341313803
1102 447.71431957207744
1104 416.80982997128336
1106 425.0041099530737
1108 413.80168888247044
1110 422.4030168140763
1112 417.7224950301439
1114 442.4250710079808
1116 436.58978717206435
1118 427.0277607921477
1120 413.5196391459379
1122 416.38554261322406
1124 433.20926681695005
1126 439.950035409449
1128 445.7900776673097
1130 429.60770062281426
1132 449.59543129054975
1134 412.1229263812655
1136 447.3434552863071
1138 445.2923456158066
1140 424.83916665961533
1142 424.06512623148654
1144 438.8641436768876
1146 443.6806795857931
1148 426.9185750287794
1150 421.81434017475635
1152 420.3480801433995
1154 434.6422852401553
1156 425.0887715966394
1158 437.2002556844241
1160 427.51161053453484
1162 455.5801574118963
1164 421.9406575544103
1166 449.2990021202304
1168 451.43848809463424
1170 464.3018127985006
1172 444.90048972961506
1174 433.60684834323723
1176 439.1399132678675
1178 454.71237033619354
1180 457.0284596769642
1182 456.6880874819813
1184 444.52857094635243
1186 464.6348530410703
1188 458.85095625071904
1190 438.7285765381808
1192 475.7706860001455
1194 451.97908530317
1196 444.8477351206186
1198 462.3033752542313
1200 459.08529433686203
1202 448.1957213159212
1204 448.0077152999977
1206 468.86592211654386
1208 457.0619065371012
1210 458.2523250493218
1212 483.91395432566685
1214 486.8106457456066
1216 487.634541260426
1218 474.0246195302646
1220 481.3951030684016
1222 483.9569319076799
1224 482.13680435292764
1226 464.1083242673425
1228 465.22114948801175
1230 490.3363751066568
1232 464.76264245475545
1234 468.9727287477562
1236 484.9186698385556
1238 504.53140018150077
1240 487.82342789644764
1242 498.61443815213994
1244 497.58674890414557
1246 503.8556820105131
1248 474.75785034959534
1250 502.88547177473384
1252 491.54236517561964
1254 514.3436723114698
1256 499.3345623523611
1258 494.3891964796193
1260 520.3809963619628
1262 502.7299727759379
1264 521.7691038566535
1266 515.311814650562
1268 492.06765892039294
1270 506.65682463008784
1272 501.593895934835
1274 507.4383304726843
1276 512.3502756584717
1278 514.3907063941203
1280 503.89967026085753
1282 525.2814379548751
1284 501.35238512129274
1286 529.2642738167228
1288 539.9887072434876
1290 528.6072899531166
1292 542.7660780494898
1294 531.5425231308326
1296 536.2959791531387
1298 515.2941532348088
1300 543.950321272384
1302 546.4120066396197
1304 536.7174565287189
1306 523.4706511420478
1308 552.4664591272515
1310 550.6914387994949
1312 521.3003415562243
1314 560.8578254348605
1316 541.8124149080672
1318 549.856957560214
1320 538.9867920661833
1322 562.1117640488185
1324 537.4599120835001
1326 554.1638570813069
1328 559.452419972338
1330 546.5244424638939
1332 543.9404277386366
1334 572.9713177910146
1336 548.620190020064
1338 555.477911526892
1340 549.3691348741884
1342 547.2414158092465
1344 552.3260109672091
1346 559.8681343261586
1348 586.5135762958006
1350 579.4726953544618
1352 587.50564540595
1354 566.2905212853243
1356 592.0387412469776
1358 594.7647302668356
1360 587.6800666874072
1362 560.9263750837831
1364 570.0184087652281
1366 595.7243311429603
1368 586.1049760132269
1370 573.9130450278902
1372 570.4821085020627
1374 583.5060796612576
1376 594.3166892908893
1378 573.9261721217377
1380 575.9545870464657
1382 598.7061795280674
1384 595.839133539897
1386 594.1819069279588
1388 595.0862437903426
1390 618.3124089956871
1392 602.1890835764385
1394 608.7931196153911
1396 616.4389566347917
1398 594.2072536401657
1400 626.6010123543306
1402 608.5493678424561
1404 628.0836830956804
1406 595.94375851991
1408 609.8145231551134
1410 606.1307949534544
1412 618.9984960377067
1414 630.7193976683766
1416 637.1943025254625
1418 642.9465454959967
1420 643.2742952087559
1422 617.1679061948495
1424 619.5211180661821
1426 619.0719884907335
1428 621.2464591664026
1430 625.7105212922527
1432 618.3576539236332
1434 655.030116692937
1436 628.4400910830353
1438 629.329635010141
1440 660.5206574437959
1442 652.4594041567788
1444 643.8574049799854
1446 657.7623993958206
1448 670.8446692983505
1450 644.6478132133755
1452 667.0554248112477
1454 652.6251724932268
1456 667.6635847886237
1458 652.2605769657413
1460 649.4121441862173
1462 668.7402354560925
1464 662.9361216008348
1466 670.8088083742074
1468 683.302812168727
1470 688.329842484226
1472 652.2218609719126
1474 673.9184821764217
1476 655.9681485617707
1478 670.2029531814164
1480 677.2180104721712
1482 675.7115983901118
1484 676.4781637188632
1486 691.0355356110822
1488 702.8316455052565
1490 668.4690796685163
1492 695.4734440857721
1494 675.7916046577647
1496 705.3913317811426
1498 687.1487099721596
