200 50.38420721100453
202 17.633794130648234
204 27.494274644811014
206 36.36563563456652
208 16.426823341023123
210 35.373087523393664
212 55.21154275213466
214 44.23374889561569
216 52.72126417148579
218 30.56615950112483
220 41.26115372148219
222 21.47184294039426
224 33.74379677173288
226 32.56281330461639
228 49.77401265745807
230 43.07870807368918
232 36.536460324152316
234 28.299984722504995
236 47.39172452042343
238 41.724250790429366
240 31.557589399632036
242 52.20757337092289
244 37.16209219668784
246 23.891486740546522
248 22.22223615296032
250 35.32768959382008
252 35.34688218526787
254 40.02139625063727
256 32.32447857139651
258 47.158569441702326
260 37.405701450578135
262 39.29260282319298
264 32.20350667610933
266 28.79293653470107
268 59.47015770355085
270 57.296347387316
272 61.423320887377095
274 31.533193789394943
276 29.410891200016152
278 62.6653791402628
280 44.7175523425972
282 43.26462146401279
284 52.60123167478695
286 31.5785475830298
288 62.17979824166164
290 61.56041817095052
292 43.19445361334216
294 61.83109275748887
296 52.10333492282314
298 55.30178288092734
300 49.07544721602352
302 38.238606731858425
304 46.851052055078
306 35.692890849452006
308 63.61061637000469
310 64.98795358510462
312 35.46935900390944
314 59.90679313876757
316 66.08171590599376
318 56.944741662859755
320 49.225720084535624
322 57.167802298191035
324 38.46725875380176
326 43.20181356212268
328 69.60139333800716
330 68.90785839089321
332 75.84996564743318
334 40.92097763153443
336 65.22051849352901
338 64.979952379817
340 61.83140266577196
342 71.32110641315091
344 62.900939450528014
346 67.26904082811397
348 75.60275998314975
350 81.7058284465495
352 66.12954119177721
354 49.33725228367564
356 51.60002426470929
358 46.52667234877812
360 60.03843076641602
362 78.8595457044234
364 51.17223171968493
366 65.16970935406607
368 79.2719165587667
370 54.21429754431676
372 71.89537205171162
374 51.07961808341101
376 49.98189726858013
378 50.469413272408104
380 52.53241978584258
382 52.995556856177856
384 67.9241675602038
386 89.14579133499925
388 81.42339427831573
390 74.94421841443261
392 68.302891051339
394 93.33038280686256
396 56.051074493172464
398 87.99680664501258
400 61.700890556096425
402 85.67150311999588
404 64.007388385087
406 74.01142702745929
408 88.50727056525324
410 98.85501324550992
412 66.86470891875831
414 79.66221891387548
416 85.13947080786363
418 80.23445384407785
420 64.99828036100995
422 67.30188635262645
424 100.00238860668804
426 104.18103755469275
428 83.47612251807092
430 101.97091784770438
432 99.37889499159601
434 91.5105468473414
436 73.64816310774552
438 84.50168264077874
440 72.35437396327019
442 97.30785542783215
444 74.53364715361155
446 97.58747812727398
448 100.90330060571151
450 106.65546662825084
452 82.47256109476164
454 111.75167781254409
456 111.21592864158099
458 100.09059948060458
460 77.73485546049359
462 104.48707571531293
464 91.06916165472535
466 86.7239478081587
468 99.10703644779642
470 120.27073893661684
472 95.52508051627439
474 96.29614618912896
476 105.12664926792598
478 113.05990574710188
480 123.72363870490672
482 90.07889803371124
484 92.21782213944633
486 97.02493278994143
488 98.73887941283454
490 126.67850649241483
492 98.00564841754213
494 110.0955598835225
496 123.19339172715071
498 129.82509540275748
500 98.57203919387477
502 129.34609229400053
504 131.70777406974236
506 134.1581126852014
508 103.26964777434799
510 134.0636793345213
512 142.22661586914717
514 132.0869955041062
516 109.63059445536572
518 137.83195494103163
520 110.08499249113488
522 134.86662144635773
524 131.04322183664075
526 140.37393430015638
528 120.98730527602109
530 132.60005505392382
532 146.5292361303469
534 122.96524682705041
536 151.95260252063844
538 143.08316793587173
540 135.8808045069954
542 132.54342778021976
544 147.44172417851146
546 164.4266028044026
548 158.9236340355908
550 156.36350267739846
552 165.19193349263918
554 150.12782544803136
556 141.58557186992493
558 181.15811514894096
560 148.10755942494794
562 150.6555899732157
564 181.53893918075823
566 180.77924212022913
568 169.467304375474
570 173.24606254657675
572 170.06329046419566
574 179.4229248956998
576 195.4492666808626
578 176.3193496485485
580 210.20361797875125
582 176.6749622905145
584 208.13290344267364
586 210.63205555916514
588 217.30225705330844
590 212.01354882722293
592 220.22890822991
594 224.42474137379082
596 231.84990131604312
598 244.351241165014
600 228.1025128203812
602 225.6002141281204
604 248.49290359752143
606 240.61362571573676
608 251.32387313337676
610 267.7171710544649
612 245.32662803049283
614 287.19058404706664
616 284.35097447440467
618 299.7430435273783
620 298.0434311843433
622 302.3750809673923
624 300.4376852639613
626 308.0374719243606
628 301.14302201910476
630 334.9993465033601
632 340.4324990661314
634 320.8305220076884
636 315.4408158400586
638 349.1896254849529
640 348.74141330885647
642 349.3866338123479
644 358.59322417771966
646 350.4804046172037
648 362.0417051287143
650 341.715869116769
652 375.04968690966643
654 352.8008493279442
656 368.5901165070792
658 372.9989975235883
660 346.44596162598884
662 362.47199974872757
664 343.10842984524686
666 335.0894400166191
668 330.6619935871937
670 328.6550206750261
672 346.48318102690104
674 352.9187901037699
676 332.9119516078341
678 315.65718148988327
680 338.98095870930695
682 332.65514547780907
684 334.6723095178952
686 325.8765154404445
688 312.3932105915259
690 333.962484452729
692 313.54985016773526
694 331.6117071136347
696 326.7752083464275
698 319.34169316309226
700 325.90046688729444
702 313.26074105741765
704 326.68383098434197
706 347.69415968380116
708 339.03748165629713
710 339.4778673287354
712 350.98045283869453
714 395.1073729359913
716 391.12288885129493
718 442.42657598130273
720 476.1118705824302
722 543.2015935632644
724 610.787244864814
726 677.704709118225
728 711.0335836927645
730 753.7120137650488
732 711.4152851355037
734 690.5225160038942
736 609.5151559098397
738 552.1237199824257
740 489.8354713645657
742 455.08400091787865
744 406.2936958186578
746 389.7213252196891
748 363.67145271434305
750 344.5864552454973
752 342.2691625163719
754 300.649517290205
756 305.01086186541625
758 304.12321495545706
760 287.82874432216784
762 273.2998641685587
764 256.3469558706273
766 284.6746106858396
768 277.3244102034978
770 274.8930263801085
772 276.90432783429384
774 241.08005719657228
776 241.4489982807533
778 253.66583479635858
780 243.68975732331162
782 257.0029692916097
784 246.8123509290417
786 260.891190908109
788 271.14223044074504
790 237.86754676774177
792 248.7513746657158
794 232.883327966531
796 250.61490116878372
798 270.05570269483405
800 271.48451676993494
802 262.30055336967916
804 253.8251396556566
806 239.41385011484502
808 252.87250903575404
810 253.10754737433763
812 258.8890909118202
814 274.56783768864153
816 262.34945889860575
818 246.11056282783812
820 262.6018074147345
822 252.86749928156098
824 276.9518849938265
826 265.9750091904791
828 274.32961973876377
830 255.5865499145206
832 253.20893244287328
834 262.1720721008358
836 253.62145344543208
838 279.5189231359168
840 294.3754232562826
842 261.12248303096277
844 265.9007903476154
846 298.7904322534124
848 284.22525772907886
850 308.5531996921055
852 288.2233959383523
854 300.01612011214036
856 285.2359369936959
858 325.01487263551934
860 320.6215539956275
862 304.63449171140405
864 319.0931852871274
866 313.0075273699164
868 349.61902278011905
870 359.72258894867787
872 368.9289820332132
874 356.83065657750876
876 399.335665939085
878 400.2781854861089
880 417.467930293952
882 436.98832942485876
884 425.75974208460536
886 468.08629249950343
888 485.6883821022983
890 487.6641593879502
892 500.4681394755057
894 547.3697259621887
896 535.6387531774438
898 574.4596104589066
900 585.944312109239
902 572.0144171228117
904 585.1360995901393
906 552.0759049632418
908 559.3552284405276
910 531.1363433783544
912 504.1538508886654
914 500.8912038245597
916 456.92338585281533
918 475.8428838411445
920 444.7125153909454
922 431.1059323103208
924 426.02014200557073
926 388.4760091418997
928 393.956136518096
930 383.6375940364117
932 394.14555911921667
934 361.69655547339335
936 349.2657393905585
938 351.47495336737137
940 360.4353035510337
942 342.42214054279765
944 365.6656825104942
946 326.60417283664236
948 358.5417366347176
950 339.98363171014074
952 333.32896705636495
954 344.96880897956726
956 322.1943396681244
958 316.6794355241529
960 334.6421634538371
962 345.3479768251266
964 317.63576105104244
966 336.1999071605782
968 332.96150763334816
970 341.20671641318336
972 312.69779526300914
974 329.07431504590744
976 313.1533054471787
978 323.349930113745
980 338.2676249462319
982 337.9231715761471
984 339.0410017881586
986 348.88393509888203
988 326.6612174875438
990 343.2958186312229
992 336.5121474159354
994 323.80224001549846
996 335.0111641221113
998 348.21034456213295
1000 341.95201101259966
1002 349.49898713684394
1004 348.5042254299557
1006 339.3177833170431
1008 332.48302822351474
1010 337.28495669655314
1012 326.8349078737379
1014 326.28780435736866
1016 354.982310853958
1018 334.3619733424243
1020 363.83132348884624
1022 349.3164318978371
1024 341.54985586566016
1026 358.20834493452287
1028 345.9979147033986
1030 360.7119187992014
1032 365.57228593975327
1034 357.1005864933421
1036 337.0339408161354
1038 354.0904193970486
1040 352.83316429378823
1042 372.87078052030034
1044 361.503418899763
1046 351.1994335057565
1048 365.554408779151
1050 347.85409771006664
1052 375.269402487136
1054 347.2853896504119
1056 346.27558301923796
1058 354.61291914363574
1060 358.85844689826735
1062 357.4376864352445
1064 359.9519514439299
1066 358.45548257933245
1068 368.3413753872364
1070 357.15316653111125
1072 365.521851018103
1074 380.217549382807
1076 382.30594020800413
1078 365.71242327614374
1080 396.0995052308851
1082 369.38074065272
1084 370.4180188847764
1086 362.8738233613406
1088 373.26268820823475
1090 366.751195367252
1092 379.19242643637034
1094 396.4777250830071
1096 389.5426436868131
1098 373.4901302828266
1100 403.70361571513206
1102 401.07246334959893
1104 387.06744914677836
1106 379.1850826277788
1108 384.6597722469199
1110 392.24961937228943
1112 382.64071720379815
1114 415.1192430508382
1116 415.68129207278247
1118 416.3988538858639
1120 397.28753042317203
1122 414.5553896986695
1124 385.92266838387485
1126 407.1455710219864
1128 399.1368081080322
1130 396.20746050227984
1132 391.21995116678545
1134 397.9629649105303
1136 420.22722818188083
1138 421.33751004782613
1140 429.27312891968285
1142 404.3385128862834
1144 416.27023784008327
1146 416.62146792815366
1148 418.69956390590266
1150 409.35322987880676
1152 406.48134321948993
1154 432.4965509826525
1156 440.6772602883039
1158 431.0205001993703
1160 441.2024069503809
1162 410.41670486171716
1164 428.6300265252032
1166 431.31070330138016
1168 428.1908731411302
1170 445.666500301308
1172 425.36783895581755
1174 436.69135284719255
1176 448.6599887588401
1178 432.17446818950134
1180 434.9162867707349
1182 454.3886145255444
1184 445.0231769989762
1186 456.784936258468
1188 452.8592648379128
1190 446.04608324635717
1192 464.2803386301864
1194 466.91350459726476
1196 457.78431768619896
1198 450.49580352366587
1200 441.15208521395465
1202 448.70731246335214
1204 473.5246457039776
1206 452.87872563894365
1208 461.075082258023
1210 464.4330125036153
1212 465.2168323330058
1214 477.83686752402787
1216 456.6835777074446
1218 483.6580667659844
1220 469.9620333748916
1222 467.45260581886885
1224 472.4063749990106
1226 464.69215690842174
1228 492.49358246993927
1230 491.9526104207582
1232 470.35790813006014
1234 472.999012955285
1236 478.40473895870383
1238 476.123842895787
1240 471.8450544142593
1242 497.7411455527581
1244 486.3395531626917
1246 506.806892758448
1248 501.7148700358307
1250 499.916306318256
1252 502.7347566888119
1254 489.3665308397256
1256 490.4440391639472
1258 502.04560996274995
1260 502.8319333273266
1262 494.7766103968229
1264 514.6542479889324
1266 496.6350333891347
1268 500.03705466285714
1270 525.8277921699511
1272 502.0485199914032
1274 508.3607470198118
1276 504.62439351472284
1278 498.66256851497474
1280 513.5453593136252
1282 514.6009140259451
1284 507.4550549948316
1286 525.0275414457881
1288 533.6226641038796
1290 509.8571495374385
1292 539.0587513248427
1294 506.48299485751534
1296 537.279089707249
1298 520.4381328838937
1300 543.8413898216988
1302 543.9487932587747
1304 522.7587337767624
1306 523.2432566176387
1308 528.2324250884633
1310 539.417817333966
1312 533.4265253722804
1314 530.5042472970376
1316 546.9103206182573
1318 556.2332343761672
1320 555.075927498001
1322 556.0351498246827
1324 536.8876725277219
1326 534.2789184040944
1328 555.0769538249245
1330 540.6657343412945
1332 540.1736091356228
1334 541.2051747440512
1336 546.1620050116667
1338 553.4302197094804
1340 573.7005195458264
1342 578.2031043842206
1344 563.9449323163727
1346 549.088622611029
1348 568.6316594268809
1350 583.7954918540481
1352 558.361711350199
1354 560.2734804992349
1356 557.4550569970859
1358 588.3278105409428
1360 572.5156606656159
1362 562.598322270601
1364 594.9412211408081
1366 584.6147098365655
1368 565.9127003800645
1370 593.5251357361165
1372 575.6926649429369
1374 584.7954498109895
1376 577.3369489747265
1378 591.4224660568882
1380 589.0497847897785
1382 605.7866105497327
1384 588.964483628298
1386 607.7207623015347
1388 599.5264210496711
1390 605.8860907257475
1392 592.5113950377482
1394 601.5515956158608
1396 622.1412800921124
1398 620.0540326573678
1400 612.0788664863408
1402 597.8886555999121
1404 625.6597043514076
1406 604.2579575478399
1408 596.7275242334907
1410 612.5561486541634
1412 637.935263153611
1414 603.991681888054
1416 631.4336816123662
1418 617.6268937335717
1420 611.3326545702871
1422 644.8517505037654
1424 626.0247716032154
1426 649.4907656089879
1428 639.3353690985817
1430 624.8755483249945
1432 627.2469903414371
1434 649.7247418698013
1436 649.5461100645515
1438 636.3491940723068
1440 659.6122349409039
1442 659.0104811811726
1444 650.4207572140707
1446 667.0158129069035
1448 639.8821807947309
1450 659.787297825793
1452 647.0880958775037
1454 666.4476813722205
1456 673.3663191800093
1458 674.421742793812
1460 664.2180408249194
1462 652.9687116276104
1464 681.367947848656
1466 679.2175112971225
1468 684.0883294237593
1470 687.5578655977215
1472 684.1141446479561
1474 655.2425899421145
1476 693.3592883046673
1478 670.7415821300558
1480 672.4997823244037
1482 687.8435910763205
1484 666.4595727044347
1486 700.6892483488136
1488 701.8806942509308
1490 675.2743343397277
1492 676.7461019207094
1494 694.4668013640215
1496 689.955514398575
1498 697.9192148080652
