200 49.99730060845977
202 17.243309712161473
204 27.100163982405046
206 35.9678494369494
208 16.025311434470204
210 34.96779883212324
212 54.802425278161536
214 43.8207496980665
216 52.30432934535941
218 30.145234155480395
220 40.83618195703689
222 21.04276782651224
224 33.310560322785946
226 32.125356455696654
228 49.33227523942174
230 42.63262878751004
232 36.08597671456282
234 27.845033150901642
236 46.93224013701281
238 41.260167505589926
240 31.08883985446582
242 51.734088906970726
244 36.68380282478014
246 23.408321108761122
248 21.734121513657367
250 34.83455176972322
252 34.84864553455941
254 39.517983631034106
256 31.815811303172097
258 46.64456726961864
260 36.88628250469033
262 38.767683578487755
264 31.67300191093676
266 28.256759287957728
268 58.9282192305707
270 56.74855711442356
272 60.86958636505583
274 30.97342064402144
276 28.844983084109316
278 62.093237681194665
280 44.13907708971006
282 42.67970983408503
284 52.00977889578759
286 30.98044663609918
288 61.57493980125321
290 60.948690543065915
292 42.57574267178889
294 61.20528187808692
296 51.47030491548378
298 54.66141191952403
300 48.42761076597138
302 37.58317747531529
304 46.1878998136761
306 35.02188250446551
308 62.9316157798541
310 64.30082150009474
312 34.77395297809306
314 59.20296743882205
316 65.36932141699305
318 56.22362579081857
320 48.495726655597565
322 56.428771454325975
324 37.719026844872225
326 42.444213034172236
328 68.8342526176171
330 68.13100176544671
332 75.06321314111875
334 40.124144876912354
336 64.41341659847642
338 64.16238778965831
340 61.003177020392535
342 70.48201639888158
344 62.050776646578555
346 66.40759154732238
348 74.72980510680316
350 80.82114325302045
352 65.23289517870656
354 48.428408983420084
356 50.67874105275724
358 45.59270024482333
360 59.0915142277624
362 77.89942241137813
364 50.198632352579466
366 64.18235736152643
368 78.27052791683474
370 53.198580506003864
372 70.8650268865443
374 50.03433680650484
376 48.92136335875443
378 49.39330137882781
380 51.44039542264639
382 51.88727608452319
384 66.7992766571281
386 88.0039264484652
388 80.26418106777308
390 73.76727167619343
392 67.10781432802405
394 92.1167679801357
396 54.81850135893656
398 86.74484247019399
400 60.42908961609609
402 84.37940621583334
404 62.69452233920752
406 72.67730415711611
408 87.15138813231405
410 97.47685288147022
412 65.46373602367326
414 78.23788202784688
416 83.69120095363803
418 78.76166383922669
420 63.50036409807146
422 65.77821804549203
424 98.45232200141268
426 102.60390510279888
428 81.87123451029731
430 100.3375615060269
432 97.71633351721277
434 89.8180184221726
436 71.92487984684577
438 82.74682949289677
440 70.56710755661757
442 95.48730285793644
444 72.67890470993146
446 95.69760995504171
448 98.97733729924097
450 104.69240375170801
452 80.47135762613416
454 109.71125450626988
456 109.13516630499909
458 97.9683371590741
460 75.56988852568692
462 102.27815385082621
464 88.81498673276
466 84.42317165061188
468 96.75825846465249
470 117.87250363405568
472 93.07587486640182
474 93.79439685268926
476 102.57071966077237
478 110.44809294057652
480 121.0541701496147
482 87.34992809545898
484 89.42742843535362
486 94.17111231192227
488 95.81954442477422
490 123.69148018644555
492 94.9486603138338
494 106.96624095695705
496 119.98926924313433
498 126.54358744324279
500 95.2104488534134
502 125.90160152432298
504 128.1774371499663
506 130.53884929330144
508 99.55823563398252
510 130.25674640970288
512 138.32063207757534
514 128.07826391825245
516 105.51524195862848
518 133.60592230447185
520 105.74402383448262
522 130.40625304516695
524 126.45877023569757
526 135.66048369155055
528 116.13969409872377
530 127.61286177033486
532 141.3967641341609
534 117.68150843603452
536 146.51130200763419
538 137.47768355166872
540 130.10416944985067
542 126.58831006892481
544 141.30040538929285
546 158.09095563689598
548 152.38509868001964
550 149.61306196437096
552 158.22008681918453
554 142.92456148927118
556 134.14034010588156
558 173.4597962613248
560 140.14443465040785
562 142.41530953873558
564 173.00848999510066
566 171.9449149542659
568 160.31466083585957
570 163.7599022337529
572 160.22761880968793
574 169.2209222978969
576 184.86325970604187
578 165.33078523813015
580 198.79304180806733
582 164.82200266217933
584 195.81626237210432
586 197.82950902350422
588 203.99066672945412
590 198.16888803966913
592 205.82630526183183
594 209.43854375873184
596 216.25376521093523
598 228.11825038939236
600 211.20533260378954
602 208.01128499866297
604 230.1846811162413
606 221.558871844693
608 231.49600483271234
610 247.09067112972008
612 223.87752217349643
614 264.89698629779997
616 261.1937008412093
618 275.706290116682
620 273.11550882373797
622 276.54919294030026
624 273.7127284980427
626 280.41883502175716
628 272.6433462978165
630 305.6392093515412
632 310.240973209124
634 289.84556071869645
636 283.709413714491
638 316.76770807887834
640 315.6934173639157
642 315.78475311506986
644 324.5163138312706
646 316.0125573894932
648 327.27053563015903
650 306.73056240211065
652 339.9388850874543
654 317.65046057432244
656 333.4811338924088
658 338.00540965044274
660 311.63282373739935
662 327.893714183003
664 308.80726065414024
666 301.0942606393717
668 296.9872408956944
670 295.29980511720873
672 313.4304818365547
674 320.1346465674507
676 300.3445452806001
678 283.2356883676795
680 306.61403236558635
682 300.22886908575845
684 302.0474228154642
686 292.88467739636076
688 278.8319937286054
690 299.58870429389583
692 278.07070174045475
694 294.6729938827856
696 287.9456846788281
698 278.0921675590565
700 281.5757858396554
702 265.0420350241586
704 273.53738739741686
706 288.30193742739976
708 271.7026220508673
710 261.9968898965318
712 260.47324295209876
714 287.79974402154147
716 262.09271382686046
718 285.37303932334146
720 283.3300943609131
722 306.2083867939738
724 322.46801375333575
726 337.07245547834236
728 330.3204928399224
730 363.0645499984515
732 353.3375460554014
734 404.7507171916087
736 421.55740672456
738 473.3680943214757
740 523.3745718791107
742 599.1340159297783
744 652.0703321306086
746 715.6189698816435
748 732.850496405584
750 713.6640407729782
752 676.9492488253924
754 584.3547848179485
756 536.0912705081204
758 488.6959408754741
760 434.2900174505374
762 389.61707744953907
764 349.1522676240373
766 359.1836455259792
768 337.5400538637672
770 323.86218237252695
772 316.9466344747654
774 273.96963340731287
776 268.5520704125149
778 276.04282406649867
780 262.17046509309085
782 272.24194952233506
784 259.32985136634215
786 271.1036083691598
788 279.384928854093
790 244.41208412588432
792 253.81860922556172
794 236.6534640691666
796 253.23524355799566
798 271.64668044343523
800 272.14438911956995
802 262.10910255634735
804 252.8465779660711
806 237.6991114955925
808 250.46105359845788
810 250.0287759087034
812 255.1634430610291
814 270.20762963640436
816 257.35950273833964
818 240.48859912439585
820 256.33877401566417
822 245.9476525848501
824 269.3527841776404
826 257.667369007832
828 265.2770331008055
830 245.74507740634482
832 242.5265519470002
834 250.5879776808577
836 241.06518841599024
838 265.9093276754293
840 279.619371873938
842 245.11338155791856
844 248.51679578078847
846 279.8923516704633
848 263.6540746127658
850 286.12716746732565
852 263.7346296585779
854 273.22660870582695
856 255.8728915474364
858 292.7653230460069
860 285.1261106821061
862 265.4802070662644
864 275.8054910359795
866 265.0413046648805
868 296.34900596473386
870 300.4335483661748
872 302.8065301596035
874 282.9541511401704
876 316.6756425072829
878 307.70215242091695
880 313.76028960180724
882 320.89262131309783
884 296.05401772137554
886 323.70423884454846
888 325.897841785064
890 312.3075846239002
892 310.2523018619731
894 344.1627486217348
896 322.69678970642855
898 356.481579072183
900 368.86877835509506
902 362.54513562339855
904 390.0907495906974
906 377.73487773781926
908 410.98673221244894
910 412.7904791962311
912 418.70869063616044
914 450.2593965842542
916 442.30946411516766
918 497.96225746466337
920 503.9160472124579
922 527.3823656664092
924 558.8701094056374
926 556.672372661169
928 595.234108421578
930 614.396571766421
932 649.2811603253965
934 634.6878850202243
936 632.5888898120766
938 637.2982069977927
940 641.4265590316519
942 612.4440793348577
944 620.1881791304627
946 562.7872043202254
948 575.0560454003182
950 536.6884256772273
952 510.916930099948
954 504.6495304983587
956 465.44697514734435
958 445.0777085211475
960 449.74092044122307
962 448.61628147007394
964 410.4224045156782
966 419.72004574631194
968 408.2962156651496
970 409.3098522691085
972 374.4065467765949
974 385.12117353873987
976 364.178143201295
978 369.91145241490216
980 380.8538391858658
982 376.9607390321076
984 374.90346591894854
986 381.8988891406749
988 357.11650705315276
990 371.44488667056703
992 362.57862855950196
994 347.98390465920716
996 357.48330302506986
998 369.12867419682334
1000 361.4551695312403
1002 367.71068116680283
1004 365.5350792378622
1006 355.26693425642605
1008 347.43950577529677
1010 351.32887674605814
1012 340.03850904124073
1014 338.71634910617746
1016 366.69487063941915
1018 345.41211414463856
1020 374.26770560930714
1022 359.1833358243503
1024 350.8876442596063
1026 367.0538693177684
1028 354.38487417500494
1030 368.67117705758517
1032 373.1321519931195
1034 364.28706368412725
1036 343.87094814217744
1038 360.59998856513437
1040 359.0356154749819
1042 378.78487937837605
1044 367.1465171235623
1046 356.5875947845088
1048 370.7025219092963
1050 352.7759783066684
1052 379.9778845873267
1054 351.7924083360562
1056 350.592249047408
1058 358.74958645342804
1060 362.82477375828773
1062 361.2426909054964
1064 363.604061746946
1066 361.96258290656795
1068 371.71084760660216
1070 360.391928208893
1072 368.63639012236945
1074 383.2139559948983
1076 385.1899355330655
1078 368.4893862122919
1080 398.7744967289205
1082 371.9585260738516
1084 372.90308854219967
1086 365.27041141235463
1088 375.5747900465899
1090 368.98258365032586
1092 381.3466658683434
1094 398.55818606325346
1096 391.5525149220577
1098 375.4324304521001
1100 405.58120426804425
1102 402.8880505108327
1104 388.8236051928809
1106 380.88424649620146
1108 386.3042595317586
1110 393.84162975623076
1112 384.18234137132436
1114 416.61246912373247
1116 417.1280116053564
1118 417.8008674540616
1120 398.64655283875015
1122 415.87305487698114
1124 387.20053389136183
1126 408.3851223272928
1128 400.3394625586568
1130 397.3745710468797
1132 392.3528098415946
1134 399.0628061068646
1136 421.2952317103342
1138 422.3748040135225
1140 430.2807924218158
1142 405.317578554138
1144 417.22169421679115
1146 417.54626171256814
1148 419.59860206218616
1150 410.2273816226016
1152 407.33144188887616
1154 433.3233958014884
1156 441.4816180289843
1158 431.80310675152396
1160 441.96396880155567
1162 411.15790049566635
1164 429.35150774298677
1166 432.0130964701241
1168 428.87478037495
1170 446.3325005785849
1172 426.01648917673043
1174 437.3231888351372
1176 449.2755262091234
1178 432.77420356846744
1180 435.500698168269
1182 454.95816246370515
1184 445.57830519932384
1186 457.3260723704898
1188 453.3868211307888
1190 446.5604572661657
1192 464.78191382451416
1194 467.40265090906064
1196 458.26139211859487
1198 450.9611506773806
1200 441.6060377987937
1202 449.1501917852261
1204 473.95676212877163
1206 453.3003790344901
1208 461.4865624153546
1210 464.83459953860364
1212 465.60879706942404
1214 478.2194718590172
1216 457.0570749603026
1218 484.0227020111433
1220 470.31804375990026
1222 467.8002208681493
1224 472.7458169041118
1226 465.0236408054545
1228 492.81731670483697
1230 492.2687968029712
1232 470.66674217525735
1234 473.30068411760584
1236 478.699430853072
1238 476.4117335107703
1240 472.12631631593354
1242 498.01594608000664
1244 486.60805461435183
1246 507.0692525726903
1248 501.9712409621389
1250 500.16683658235445
1252 502.9795901508702
1254 489.6058071461519
1256 490.6778938930661
1258 502.2741747646454
1260 503.0553360581161
1262 494.9949752476144
1264 514.867695609705
1266 496.84368100776953
1268 500.24101619953433
1270 526.0271783471193
1272 502.2434384395153
1274 508.5513023790134
1276 504.8106875326692
1278 498.8447001409441
1280 513.7234247890877
1282 514.77500697174
1284 507.62526649509647
1286 525.1939601287781
1288 533.785376219808
1290 510.0162390334627
1292 539.2142999173161
1294 506.6350821016174
1296 537.4277930641017
1298 520.5835277852685
1300 543.9835497324119
1302 544.0877897368638
1304 522.8946365315367
1306 523.3761335656857
1308 528.3623424076948
1310 539.544839515782
1312 533.5507152719239
1314 530.6256661822143
1316 547.0290282160846
1318 556.3492889185211
1320 555.1893857653214
1322 556.1460671882962
1324 536.996102990741
1326 534.3849146409452
1328 555.180567219558
1330 540.767015024128
1332 540.2726060192621
1334 541.3019355578385
1336 546.2565763350974
1338 553.5226470045314
1340 573.7908471882365
1342 578.2913756937614
1344 564.0311895861463
1346 549.1729071358292
1348 568.714011530651
1350 583.875950916469
1352 558.4403158324375
1354 560.3502679688833
1356 557.5300641523216
1358 588.401073233936
1360 572.5872139252107
1362 562.6682003242964
1364 595.0094574360644
1366 584.681337061457
1368 565.9777504833045
1370 593.588639946473
1372 575.7546537880631
1374 584.8559531356865
1376 577.3959959586598
1378 591.4800852317744
1380 589.1060040560627
1382 605.841457192771
1384 589.0179843340643
1386 607.7729431718656
1388 599.5773076170656
1390 605.935707967736
1392 592.5597673908444
1394 601.5987469891111
1396 622.1872338802555
1398 620.0988117536169
1400 612.122493294802
1402 597.9311520476484
1404 625.7010919001631
1406 604.2982572054314
1408 596.7667565648812
1410 612.5943337922245
1412 637.9724208095852
1414 604.0278313617275
1416 631.4688418019595
1418 617.6610831453578
1420 611.3658913279453
1422 644.88405235748
1424 626.0561559385261
1426 649.5212494553994
1428 639.3649691379417
1430 624.9042808996444
1432 627.2748714621454
1434 649.7517872234831
1436 649.5723350217839
1438 636.3746136946439
1440 659.6368639879981
1442 659.0343341177083
1444 650.4438482165162
1446 667.0381558700858
1448 639.9037893382388
1450 659.8081853002144
1452 647.1082753705008
1454 666.4671657144482
1456 673.385120950882
1458 674.4398743271214
1460 664.2355142143101
1462 652.9855387319157
1464 681.3841402970971
1466 679.2330804943789
1468 684.1032865549084
1470 687.5722216330565
1472 684.1279103476822
1474 655.2557758609282
1476 693.3719047962218
1478 670.7536393513159
1480 672.5112902398931
1482 687.8545594622647
1484 666.4700111528015
1486 700.6991662712562
1488 701.8901008826334
1490 675.2832387431584
1492 676.7545129892824
1494 694.47472782567
1496 689.962964819239
1498 697.9261975950953
