200 50.15493648970031
202 17.402407069200677
204 27.260742607338713
206 36.12992947461373
208 16.18891339024941
210 35.13294357996382
212 54.969134068799704
214 43.98904416747524
216 52.47423152342211
218 30.316766474898046
220 41.00936726247623
222 21.217629384002375
224 33.487121829371425
226 32.303642049354984
228 49.512309509253924
230 42.81443678421284
232 36.26958396119174
234 28.03046565393423
236 47.119524397721776
238 41.44933053173635
240 31.27990917232301
242 51.92709257368935
244 36.87876944110617
246 23.605279832118207
248 21.93310207160576
250 35.03558447380796
252 35.05176129456083
254 39.72321396963427
256 32.023188371051276
258 46.854123860996594
260 37.09805207332758
262 38.981700254162746
264 31.889300516415286
266 28.47537535647193
268 59.14918902382526
270 56.97191764114776
272 61.09537540012055
274 31.201676748141374
276 29.07574562415102
278 62.326546851112255
280 44.37497393213114
282 42.91823626257026
284 52.250977717788466
286 31.22436157663943
288 61.82161552736048
290 61.19817268898116
292 42.82807786498262
294 61.46051776611204
296 51.728490193696466
298 54.92259635970529
300 48.69184524588334
302 37.85051400922771
304 46.45839158390011
306 35.29558389393336
308 63.20858240578514
310 64.58111024878986
312 35.05762204090146
314 59.49007634932646
316 65.6599310894612
318 56.51779855997119
320 48.79352631774521
322 56.7302633099296
324 38.024277742584594
326 42.75329141642028
328 69.14722856778769
330 68.44794705674155
332 75.38420128714688
334 40.44925118409216
336 64.74271822032233
338 64.49596378303089
340 61.3411084037945
342 70.82438621288622
344 62.39767001648099
346 66.75909574810882
348 75.08600963053755
350 81.18213987875308
352 65.59877804501411
354 48.79927466369214
356 51.05468863334987
358 45.97383140620656
360 59.47793332879452
362 78.2912365768466
364 50.59595156415548
366 64.5852945522872
368 78.67919906951607
370 53.61310475515347
372 71.28552662475548
374 50.460937794919346
376 49.35419484203338
378 49.83249620479985
380 51.88609016685355
382 52.33961117989656
384 67.25839652903801
386 88.46997965540359
388 80.73732044794015
390 74.24765450027488
392 67.59560245846158
394 92.61212803720991
396 55.32160489399891
398 87.25586614640355
400 60.9482153970369
402 84.90682156240901
404 63.23042041523266
406 73.22188404404804
408 87.70485505359352
410 98.03941843696741
412 66.03561843476369
414 78.819306393673
416 84.28239951914463
418 79.36287627559314
420 64.11183779620097
422 66.4002084232575
424 99.08509282540075
426 103.24772882533875
428 82.52639262260885
430 101.00434490837316
432 98.39504290699708
434 90.508964700978
436 72.62838454747695
438 83.4632252275507
440 71.29673848737973
442 96.23052519087545
444 73.43608721414532
446 96.46913450809538
448 99.7635994605273
450 105.49381336536256
452 81.28833945524026
454 110.54424890020277
456 109.98462990187917
458 98.83474362542798
460 76.45372933555376
462 103.17993910669423
464 89.73524603087672
466 85.3624549933808
468 97.71713722301035
470 118.85157156291828
472 94.07574917647412
474 94.8157193421573
476 103.61415791063227
478 111.51434157760985
480 122.14395218129066
482 88.46399632133442
484 90.56656693985173
486 95.33613804370128
488 97.01130886825081
490 124.91087113141363
492 96.19660372951986
494 108.24370297727955
496 121.29725827038732
498 127.88315637790414
500 96.5826974582867
502 127.30767893175958
504 129.61854452148074
506 132.01624264148933
508 101.07322881727397
510 131.8107143111372
512 139.91501397945862
514 129.71456708526085
516 107.19504544263685
518 135.33088098511922
520 107.51587271022187
522 132.22681179027734
524 128.3299480394543
526 137.58428439642609
528 118.11822165512504
530 129.64832602592975
532 143.4914869762883
534 119.8379303059842
536 148.73198880567878
538 139.7653339515719
540 132.46162264109253
542 129.0185539439887
544 143.80658519194657
546 160.6763830853419
548 155.05326157593575
550 152.3676342950291
552 161.06493935479665
554 145.86377287121474
556 137.17820841317885
558 176.60085103232737
560 143.39344932362948
562 145.77731426067155
564 176.48878472306663
566 175.5490827580922
568 164.0485812728811
570 167.62976463602814
572 164.23993527972283
574 173.38254015819422
576 189.18137308727052
578 169.812945419266
580 203.44716583808145
582 169.6563796953458
584 200.83955703646467
586 203.0507610134011
588 209.4192856677059
590 203.81464249297684
592 211.69930461552426
594 215.5492114666321
596 222.61280173774958
598 234.7365839642087
600 218.0940557153512
602 215.18157440204416
604 237.64769900805462
606 229.32564582829983
608 239.57728437170283
610 255.49675842033423
612 232.61807580465583
614 273.98079676576685
616 270.6284380001203
618 285.4982240261124
620 283.26920723463763
622 287.0672008479273
624 284.59523774882024
626 291.6633547949742
628 284.2443882235434
630 317.5880038207954
632 322.52523574784215
634 302.4493287373077
636 296.6129740900533
638 329.94763449435266
640 329.1227328521968
642 329.4332277660058
644 338.3509003202249
646 329.99795838398927
648 341.3698880217243
650 320.90621469176523
652 354.1532371843857
654 331.86683069137973
656 347.66461579430006
658 352.12368547271944
660 325.6569027293816
662 341.79857540687044
664 322.5723869819021
666 314.70406130529864
668 310.43136942870797
670 308.57338795463227
672 326.5342798686896
674 333.0751771695825
676 313.13419624186565
678 295.8928579498453
680 319.16333211402565
682 312.70142867697086
684 314.48133994845625
686 305.3256613908873
688 291.3342600787439
690 312.21619014757
692 290.8986906849585
694 307.7902646035869
696 301.45733493475757
698 292.12331661215154
700 296.27643091308346
702 280.59343905644596
704 290.16051856307956
706 306.26868308963975
708 291.3507855735047
710 283.75038148778367
712 284.8694378897471
714 315.5267489557141
716 294.04028002430044
718 322.70202492964677
720 327.5663531362419
722 359.36660132216355
724 387.2060996368457
726 416.8595543809152
728 429.55190550906616
730 486.9349249457823
732 507.0266948380173
734 591.0749743542926
736 636.0818002363859
738 697.4969477465157
740 720.6945482667572
742 723.8391646088076
744 669.7397866969511
746 621.9165673088152
748 555.9650550861093
750 498.75103805388494
752 464.17827243093313
754 396.77240562732294
756 381.0235270047435
758 364.5793207342126
760 336.24185487732814
762 312.3389327544363
764 288.0317328259073
766 310.5373914168249
768 298.53445365598157
770 292.3492489094503
772 291.30346987371695
774 252.96665067091266
776 251.2520700236198
778 261.7260031857847
780 250.27937016784531
782 262.34118217766877
784 251.07650532091088
786 264.2254669238085
788 273.66427674438364
790 239.6735967215407
792 249.9202202669856
794 233.4794245901282
796 250.69080516956618
798 269.65399243065866
800 270.6393099544889
802 261.03870591323715
804 252.16719052504237
806 237.37476127522257
808 250.46223782378104
810 250.33147968642498
812 255.7483566417955
814 271.05952438099683
816 258.4667352007467
818 241.84271973031696
820 257.934222235742
822 247.78152470435572
824 271.42466306176806
826 259.9792078865562
828 267.833087523622
830 248.55188127752479
832 245.59293504847656
834 253.9251234032166
836 244.68673161368142
838 269.83149369515985
840 283.8611589233214
842 249.69678972887044
844 253.467107261273
846 285.23846801165735
848 269.42891841109235
850 292.3681575199902
852 270.4842406094725
854 280.5330284732238
856 263.7907924779789
858 301.35676583699956
860 294.4616037222159
862 275.6399480233434
864 286.8808223110492
866 277.13641973464155
868 309.58294957651344
870 314.9425598186019
872 318.7467850564038
874 300.504962211126
876 336.04318287898536
878 329.12376258738533
880 337.5094181398402
882 347.28442235853583
884 325.4515745771808
886 356.52528585791856
888 362.62168961027714
890 353.4816776658338
892 356.497393344329
894 396.1749879390684
896 381.2439749948655
898 422.38932081343887
900 442.9902642556799
902 445.7056356154467
904 482.99535367750934
906 480.82633108104267
908 524.2419195272543
910 535.4528854116614
912 548.9745577143675
914 584.9695565491821
916 576.7408771668958
918 625.8427201227165
920 617.7709718984654
922 619.2433300686021
924 621.2511433423402
926 583.614756367515
928 583.1927503898153
930 562.7920271721342
932 560.6216994677277
934 514.2371334271509
936 487.6240587810911
938 476.09170546298316
940 472.1683242448353
942 442.34404846043424
944 454.9249258032716
946 406.3369176249775
948 429.8207936951544
950 403.7925362324732
952 390.5521533605748
954 396.39148309069225
956 368.50777226625075
958 358.48894046433674
960 372.47608690780703
962 379.6667206291072
964 348.840308963652
966 364.6395975597799
968 358.9409600792749
970 364.9919129552418
972 334.5213671233972
974 349.14010863526687
976 331.64030949819664
978 340.41564486057877
980 354.0509488877378
982 352.54687392029797
984 352.61384062021443
986 361.5024734407224
988 338.4113821253209
990 354.25424005850306
992 346.7473135133828
994 333.3754911378203
996 343.97755302456903
998 356.61938099402477
1000 349.8483077527389
1002 356.9228216690508
1004 355.49202928478053
1006 345.9025692772992
1008 338.69476405189874
1010 343.1508927475719
1012 332.3798648602158
1014 331.5344266209727
1016 359.9512897117318
1018 339.07224442404726
1020 368.30024142283287
1022 353.55992523295765
1024 345.58256471297534
1026 362.04374347429626
1028 349.64842041035524
1030 364.1889899912668
1032 368.88650904294377
1034 360.26175423337423
1036 340.05112239095183
1038 356.97202354993954
1040 355.5869960908589
1042 375.50409253594523
1044 364.0229574272376
1046 353.61148033493396
1048 367.8648190184484
1050 350.0683340729253
1052 377.39256641414795
1054 349.3222495951811
1056 348.2306001884924
1058 356.49027094922195
1060 360.6620483498323
1062 359.1712096771039
1064 361.61884361736895
1066 360.05898217198956
1068 369.8845272139401
1070 358.6388354752778
1072 366.95273464930403
1074 381.5961895541612
1076 383.6347337264459
1078 366.99363172920476
1080 397.3352640452528
1082 370.57306745238276
1084 371.56882120991827
1086 363.9849058032181
1088 374.3357590099653
1090 367.7878725356999
1092 380.19424340606844
1094 397.4461359692402
1096 390.47902816156716
1098 374.395798104233
1100 404.5798109382686
1102 401.92036824401606
1104 387.8881878438708
1106 379.97972451909425
1108 385.42933515266327
1110 392.99507249762155
1112 383.3629838990273
1114 415.8192033902429
1116 416.3597852655678
1118 417.056680531636
1120 397.9254546232944
1122 415.17414103394043
1124 386.52294376812154
1126 407.72803644040386
1128 399.70210024839315
1130 396.75618828650437
1132 391.7526971897737
1134 398.4802867926287
1136 420.729659840864
1138 421.8255628958282
1140 429.747292990105
1142 404.7992578953252
1144 416.7180141872041
1146 417.05670763945204
1148 419.12268152411025
1150 409.7646233033281
1152 406.8813944996704
1154 432.885627067233
1156 441.05571373380883
1158 431.38866983998577
1160 441.56061853170024
1162 410.7652716405681
1164 428.9692498376179
1166 431.6408731006314
1168 428.51226850762515
1170 445.97938992601235
1172 425.67248159877124
1174 436.9879977725755
1176 448.94887614795067
1178 432.45582953292165
1180 435.19034524087533
1182 454.6555853306829
1184 445.28326771983683
1186 457.0383471683178
1188 453.10618920709425
1190 446.28670763211613
1192 464.51484315260313
1194 467.14206320204545
1196 458.00709839503804
1198 450.71296867284906
1200 441.3637916818289
1202 448.91371188725446
1204 473.7258846871771
1206 453.07494594811965
1208 461.26642101177214
1210 464.61960235244976
1212 465.3988016312798
1214 478.01434049420425
1216 456.8566745970892
1218 483.82690399785423
1220 470.12672369046214
1222 467.61325841562723
1224 472.56309566182125
1226 464.84504813525666
1228 492.6427435922474
1230 492.09813771873354
1232 470.49989494305424
1234 473.13754978759727
1236 478.5399135809687
1238 476.2557404421667
1240 471.9737574756397
1242 497.8667342661337
1244 486.4621052969182
1246 506.92648379652894
1248 501.83157325389845
1250 500.03019286139715
1252 502.8458956438813
1254 489.4749893052842
1256 490.54988231745335
1258 502.1489011251264
1260 502.93273402501995
1262 494.87498042146615
1264 514.7502454547157
1266 496.7287147879845
1268 500.1284749175185
1270 525.9170046850645
1272 502.1355767026611
1274 508.4456984412776
1276 504.7072887843897
1278 498.7434554386395
1280 513.6242844071473
1282 514.6779225559585
1284 507.5301910179744
1286 525.1008478465102
1288 533.6941826308879
1290 509.9269208388347
1292 539.1268149820078
1294 506.54938941779085
1296 537.3438527154633
1298 520.5013009127811
1300 543.9029985012538
1302 544.0088773045851
1304 522.8173270173609
1306 523.3003920209122
1308 528.2881347871556
1310 539.472132650311
1312 533.4794768417972
1314 530.5558646915229
1316 546.9606329680017
1318 556.2822699914301
1320 555.1237139897677
1322 556.0817141247336
1324 536.9330409080386
1326 534.3231164956283
1328 555.1200066357504
1330 540.707666274174
1332 540.2144440049973
1334 541.2449357924866
1336 546.2007149257697
1338 553.4679006353057
1340 573.737193103793
1342 578.2387916835551
1344 563.9796539690968
1346 549.1223987455072
1348 568.6645097009443
1350 583.8274354677093
1352 558.3927670579722
1354 560.3036666220758
1356 557.4843914339639
1358 588.3563107800594
1360 572.54334379528
1362 562.6252049897746
1364 594.9673197693327
1366 584.6400403250805
1368 565.937278319628
1370 593.548976367539
1372 575.7157831658373
1374 584.8178601925815
1376 577.3586657583484
1378 591.4435031702787
1380 589.0701558531133
1382 605.8063288834245
1384 588.9835622605711
1386 607.7392139757807
1388 599.5442582315914
1390 605.9033256102925
1392 592.5280395558567
1394 601.5676614410083
1396 622.1567786466736
1398 620.0689751187986
1400 612.0932637931872
1402 597.9025184576503
1404 625.6730432381207
1406 604.2707827197365
1408 596.7398457302714
1410 612.5679763042378
1412 637.9466065791721
1414 604.002550510013
1416 631.4440846551526
1418 617.636840229803
1420 611.3421533653114
1422 644.8608102600815
1424 626.0334008047744
1426 649.4989725653779
1428 639.3431619491029
1430 624.8829350426237
1432 627.253978736688
1434 649.731339594483
1436 649.5523246154269
1438 636.3550327946557
1440 659.6177050319932
1442 659.0155896936346
1444 650.4255110591955
1446 667.0202188578446
1448 639.8862454896284
1450 659.7910277708175
1452 647.0914974498207
1454 666.4507608228798
1456 673.369082636761
1458 674.4241962638508
1460 664.2201901975595
1462 652.9705626768929
1464 681.3695062358906
1466 679.2187825733668
1468 684.089319032234
1470 687.5585788761676
1472 684.1145868309328
1474 655.2427661632399
1476 693.3592035988047
1478 670.7412414354458
1480 672.4991904847441
1482 687.842752842796
1484 666.4584927376964
1486 700.6879312209112
1488 701.8791444471976
1490 675.2725562606206
1492 676.7440998836045
1494 694.4645796049666
1496 689.9530770740004
1498 697.9165659964539
