200 49.218801243774614
202 16.457434708912096
204 26.30681292899381
206 35.16692013276387
208 15.216699850360685
210 34.15139906983605
212 53.978129528695895
214 42.98844819892176
216 51.46391033663812
218 29.296583834811603
220 39.9791844332827
222 20.177305072219312
224 32.436512125342404
226 31.242600367153216
228 48.44068652493459
230 41.73208037236132
232 35.17633912971293
234 26.926174477026162
236 46.00402594697465
238 40.322460805295876
240 30.141501022054666
242 50.776975630277974
244 35.716770037022556
246 22.431220922382018
248 20.746803152271355
250 33.8368614980968
252 33.840426586561435
254 38.499076135487456
256 30.7860522075354
258 45.60379026142408
260 35.83431793066066
262 37.7043583612527
264 30.598139463265696
266 27.17017942442257
268 57.82973807654913
270 55.63798701234945
272 59.746735777819765
274 29.83809405542059
276 27.69698089624154
278 60.93235610868773
280 42.965108050672214
282 41.492440837658705
284 50.808992926182796
286 29.76592203297854
288 60.346450136334866
290 59.70600449280497
292 41.31862388599252
294 59.93348884431179
296 50.18359081905818
298 53.35952449903047
300 47.11029216401824
302 36.250164084418756
304 44.83892211706589
306 33.65666491161995
308 61.54987645656125
310 62.90227219282777
312 33.35829883247839
314 57.769906811969115
316 63.91854568344418
318 54.75481914186676
320 47.00856589170821
322 54.92292577038728
324 36.194157607985844
326 40.8999735536829
328 67.27028790706593
330 66.54694829611857
332 73.45869858683824
334 38.498787849727385
336 62.766826374851064
338 62.49416402677875
340 59.31290946217125
342 68.76928457122497
344 60.31514954146246
346 64.64862729519778
348 72.94705063683138
350 79.0141339406126
352 63.40115447981615
354 46.5714480550108
356 48.79605835883884
358 43.68378114741874
360 57.15583056213674
362 75.93643204482692
364 48.20777872603769
366 62.16306901322203
368 76.22221798717092
370 51.12064622281206
372 68.75684902980517
374 47.89527915158801
376 46.75077209717733
378 47.19050451548169
380 49.20470214838144
382 49.617976122925896
384 64.4956395842611
386 85.66520098427364
388 77.88959433779138
390 71.3560284421111
392 64.65909618559101
394 89.62973252280307
396 52.29228130553978
398 84.17854475489098
400 57.82179443867245
402 81.73016605037998
404 60.00236089906299
406 69.94121531384528
408 84.3703347863667
410 94.649765782027
412 62.58951253504185
414 75.31538483961631
416 80.71925673163588
418 75.7390618141483
420 60.425854588464915
422 62.65051091158371
424 95.27008502604731
426 99.36576229554238
428 78.57576433051085
430 96.98329500046376
432 94.30175236741705
434 86.34155289666595
436 68.38490665277789
438 79.14166952150228
440 66.89502351646652
442 91.7464967895868
444 68.86751537518602
446 91.81371009357872
448 95.01893074492452
450 100.65742240038887
452 76.35765824622233
454 105.51661538279346
456 104.85728370725833
458 93.60482162135106
460 71.11826092977793
462 97.73584129842183
464 84.17931819490352
466 79.69137338061742
468 91.92744915995468
470 112.93968933148997
472 88.03794355437385
474 88.64811278257825
476 97.31271733872276
478 105.07487077955935
480 115.5620837602789
482 81.73518319283964
484 83.68607333695125
486 88.29903000101032
488 89.81244415102512
490 117.5448885740823
492 88.65791194550937
494 100.5264683994319
496 113.39539247855828
498 119.79030266744665
500 88.29221660007445
502 118.812634071184
504 120.91168516045956
506 123.08998764395731
508 91.91964837488996
510 122.42151080204452
512 130.28150164889013
514 119.82765047260342
516 97.04519647528991
518 124.90811465513178
520 96.80972124531908
522 121.22629722655279
524 117.0235530987822
526 125.95992156764092
528 106.16320037434423
530 117.34931784821686
532 130.83448862835724
534 106.80822450807041
536 135.31410275034017
538 125.9429953283879
540 118.21771309944062
542 114.33505989182265
544 128.66454583742143
546 145.0558356410042
548 138.93318356295643
550 135.72588290872554
552 143.8781878838117
554 128.10744420279983
556 118.8264057079732
558 157.62628571609733
560 123.76736662329846
562 125.46941661076553
564 155.46715349008215
566 153.78009887851084
568 141.49684558050043
570 144.258018871542
572 140.00898503637953
574 148.25118132892337
576 163.10632374861805
578 142.74878552407534
580 175.34628760070962
582 140.4689521488616
584 170.5135089286921
586 171.53178699434295
588 176.65088160867924
590 169.73817676732375
592 176.2541332552001
594 178.67284627221653
596 184.2411416325138
598 194.80422109956817
600 176.53466898663328
602 171.92842402296657
604 192.63423648813068
606 182.4862539277965
608 190.84816115747583
610 204.8169581508194
612 179.9307167299946
614 219.23444170702828
616 213.77864743279278
618 226.5092730353829
620 222.11594692395306
622 223.7370315274531
624 219.09014572736464
626 224.0019474287683
628 214.46384406887984
630 245.74583783086914
632 248.70076547686256
634 226.7447188790868
636 219.15373594033875
638 250.882466416777
640 248.62260917651292
642 247.6896771743289
644 255.57345946252318
646 246.41083913087846
648 257.20795259162
650 236.41040582934085
652 269.56565420149946
654 247.42567080375395
656 263.5992098501214
658 268.64984644972526
660 242.97277565485143
662 260.0811325315283
664 241.97465776932262
666 235.353129439933
668 232.42711457742706
670 231.98790316861164
672 251.4118592488689
674 259.43274381465125
676 240.96202694419563
678 225.1554567247176
680 249.8003067820108
682 244.62823037325657
684 247.58973160354236
686 239.48378508330495
688 226.38617207108976
690 247.98072384348472
692 227.16748901526944
694 244.3247913256127
696 237.98462494902796
698 228.3301530768647
700 231.80153373176188
702 215.017103817544
704 222.99094078565014
706 236.92391611967088
708 219.13487833181028
710 207.8216784196401
712 204.19823728856448
714 228.83843568027936
716 199.73861242985737
718 218.76547959016352
720 211.40860333876486
722 227.6514009861654
724 235.61020839316035
726 239.7931152372658
728 219.89363231972175
730 235.96130913091406
732 204.9767760023222
734 229.21498383692568
736 211.35304770438532
738 219.45817937194155
740 216.02024533575778
742 230.51448359165465
744 221.65228469423357
746 237.1575694295405
748 236.9725965442227
750 238.9781633226511
752 254.13509287762332
754 227.27527864600773
756 244.38008932886675
758 254.76532306016483
760 248.710054629432
762 243.74935914317513
764 236.00975849779215
766 273.4885957125007
768 275.5175833907398
770 283.0014124026876
772 295.81219477904983
774 272.0864995974581
776 286.3672106783733
778 314.96346994442314
780 324.6791914095896
782 362.0850834386126
784 381.75625666898145
786 433.0710152589028
788 489.50193620070263
790 512.0781928297146
792 586.5904859241268
794 634.8655567819079
796 702.9918683359793
798 742.2344032922967
800 724.9198703295207
802 666.4094801968538
804 594.8793798474089
806 517.9589196107755
808 476.7283980249438
810 432.00058752376833
812 401.8329386185248
814 389.02283713602105
816 354.19016513829956
818 319.8659779839161
820 321.73950389612367
822 300.0430110993366
824 314.2061517020603
826 294.8839638836358
828 296.115398999244
830 271.1996167257096
832 263.38867866155783
834 267.49163064690987
836 254.52091933281696
838 276.330014755682
840 287.33975872317285
842 250.40502838546746
844 251.59959262775413
846 280.94343100373464
848 262.8147368818891
850 283.50827201884675
852 259.42078641509187
854 267.2794203864704
856 248.33343290999323
858 283.65599631219
860 274.45198046221856
862 253.22989050897385
864 261.951657271032
866 249.54082018494964
868 279.14274814969014
870 281.4458969397294
872 281.9445352531858
874 260.10636624624726
876 291.7106004728571
878 280.4664523914886
880 284.07625219076357
882 288.55545805188905
884 260.82844898588417
886 285.32048210293465
888 284.04687965551875
890 266.63561089486524
892 260.35423522538525
894 289.57470174116764
896 262.8873909994788
898 290.8420754194385
900 296.7019135865213
902 283.0529252221216
904 302.3614921745352
906 280.7301117530569
908 303.52943855077365
910 293.5567512941053
912 286.22647118564157
914 302.9198420036202
916 278.39910073199997
918 315.7271618311386
920 301.67210881714846
922 303.68657094812437
924 312.7635519413701
926 287.9917876510099
928 304.961023979441
930 304.9728757471117
932 324.78073359735293
934 300.7249810014561
936 295.8960482509363
938 305.0206301604501
940 320.30387158338135
942 308.104776518361
944 336.72768580023785
946 302.6764755714023
948 339.31350072131704
950 325.19590186515285
952 322.76931088481
954 338.46686044429305
956 319.6181612134257
958 317.9326206068727
960 339.6616116780755
962 354.10228617704746
964 330.12419474439895
966 352.4519057767325
968 353.03673037786547
970 365.1956084394865
972 340.7226912875437
974 361.2911031287544
976 349.7536891027778
978 364.5643421172272
980 384.3688625470119
982 389.2308404713767
984 395.9268751261105
986 411.7783536569983
988 396.0606771647208
990 419.7719098045972
992 420.7220244089757
994 416.50080246859886
996 437.06511632602565
998 460.6142488831168
1000 465.8463434886595
1002 486.1899995803609
1004 499.48506116997885
1006 506.2896966523806
1008 517.3745963037543
1010 542.2656777930367
1012 554.3173438084086
1014 578.9092398706435
1016 635.5526774604577
1018 645.7598040445782
1020 708.8249174377437
1022 730.2859787074151
1024 760.0931431722811
1026 814.6352495465253
1028 838.7638557626854
1030 885.9058653178771
1032 916.6384647113907
1034 924.9876007338478
1036 910.8804173548971
1038 922.3710061047425
1040 904.6874079964277
1042 899.2491299472213
1044 855.8528829750658
1046 809.6127167904713
1048 786.491642068671
1050 731.6308743917771
1052 723.4902669781236
1054 662.3383706744376
1056 630.9379506239728
1058 611.7733663728852
1060 591.3383203828098
1062 567.8870163935937
1064 550.7974610958247
1066 531.882344400869
1068 526.2954629812618
1070 501.3547763088259
1072 497.4850530930803
1074 501.271563524876
1076 493.6164277514206
1078 468.3015475693265
1080 490.86421067162024
1082 457.1090580150354
1084 451.80340892626015
1086 438.5276793803273
1088 443.725168893144
1090 432.50057588369333
1092 440.65315318172054
1094 454.02734705584777
1096 443.51777644326796
1098 424.19159015543346
1100 451.40084410626775
1102 446.0073443756921
1104 429.4576090881743
1106 419.22674662722943
1108 422.53024243345146
1110 428.10942892367717
1112 416.63550662478497
1114 447.3813979545609
1116 446.3313758371564
1118 445.5468635579147
1120 425.0340000235311
1122 440.9923615149773
1124 411.1345498321469
1126 431.20989211109395
1128 422.12489238997466
1130 418.18502056732495
1132 412.24761819532347
1134 418.0967604786675
1136 439.51898539858695
1138 439.83525014707214
1140 447.02139861570697
1142 421.3786871023467
1144 432.64079182276424
1146 432.35822224523645
1148 433.8359053835195
1150 423.92031115201416
1152 420.5082632408794
1154 446.010518548337
1156 453.7037423932603
1158 443.5833568192334
1160 453.32401365977825
1162 422.11806453619675
1164 439.93087123142374
1166 442.2295873556702
1168 438.7452582073712
1170 455.8728333032839
1172 435.24162349494105
1174 446.2472147423413
1176 457.9117362596169
1178 441.13514735644407
1180 443.59823246488287
1182 462.80349740447383
1184 453.1820468762351
1186 464.6982621476368
1188 460.5369719707484
1190 453.4975873261774
1192 471.5145775563997
1194 473.93896787439473
1196 464.6090737105767
1198 457.12752492289445
1200 447.59807239804724
1202 454.97451553189927
1204 479.619684840624
1206 458.8079101126894
1208 466.8444281402642
1210 470.04825920027866
1212 470.6834580224993
1214 483.1601035839284
1216 461.86842220578274
1218 488.70929708659224
1220 474.88421804048204
1222 472.2501155702527
1224 477.0833931840771
1226 469.2526892301621
1228 496.9414661388353
1230 496.29152275325396
1232 474.5913746315474
1234 477.1304149230345
1236 482.43732063743215
1238 480.0607182160457
1240 475.68921334153913
1242 501.49546007310215
1244 490.0067829286882
1246 510.3896904177072
1248 505.21578626243115
1250 503.33779456615713
1252 506.0791776848613
1254 492.63615683263043
1256 493.64105794442014
1258 505.1721286689724
1260 505.8899820488864
1262 497.7681455893754
1264 517.5811557109961
1266 499.49913237165475
1268 502.84009922145606
1270 528.5714749691222
1272 504.73447466928747
1274 510.9905506816315
1276 507.1995691024183
1278 501.18458706010114
1280 516.0156420801127
1282 517.0208345489052
1284 509.8259410212013
1286 527.3506767822378
1288 535.8992903770753
1290 512.0884678714306
1292 541.245923940064
1294 508.62714659559407
1296 539.3813094855901
1298 522.4994750837443
1300 545.8628756131906
1302 545.9314118662289
1304 524.7034436873532
1306 525.1509867363246
1308 530.1040758419315
1310 541.2542617261751
1312 535.2286099940383
1314 532.2727932919149
1316 548.6461246070039
1318 557.9370693416812
1320 556.7485436327822
1322 557.677275342599
1324 538.5000144418127
1326 535.8621632720454
1328 556.6317684637563
1330 542.1927665127243
1332 541.6734882034843
1334 542.6785123050784
1336 547.6093955008827
1338 554.8522409813652
1340 575.0977334323767
1342 579.5760572309572
1344 565.2941554972962
1346 550.4146330234735
1348 569.9349599671671
1350 585.0765718747917
1352 559.6210471000862
1354 561.5115355460387
1356 558.6722826346539
1358 589.524646180858
1360 573.6925342141893
1362 563.7556504918301
1364 596.0794100058997
1366 585.7341548605939
1368 567.0137869463102
1370 594.6082394086015
1372 576.7581517676515
1374 585.843676606278
1376 578.3682636112839
1378 592.4372077277898
1380 590.0482842709542
1382 606.7691904512716
1384 589.9314586369546
1386 608.6724394147911
1388 600.4630998016916
1390 606.8080634055492
1392 593.4189468998945
1394 602.4450050839732
1396 623.02081895548
1398 620.9199662609246
1400 612.931453914268
1402 598.7281498531084
1404 626.4863525190664
1406 605.0720009733541
1408 597.5291986749043
1410 613.3456844393719
1412 638.7128853305106
1414 604.7576103698271
1416 632.1881313180842
1418 618.3700747242883
1420 612.064772180788
1422 645.5730054701341
1424 626.7353601863671
1426 650.1908797143168
1428 640.0251963918646
1430 625.5552723446821
1432 627.9167906074645
1434 650.38479398904
1436 650.1965858330227
1438 636.99026157427
1440 660.2440586449302
1442 659.6332220333074
1444 651.034572728189
1446 667.6208572523516
1448 640.4786048813514
1450 660.3752493864206
1452 647.6677195480183
1454 667.019118769241
1456 673.9297089763085
1458 674.9772207915274
1460 664.765740026636
1462 653.5087623053845
1464 681.9004776110494
1466 679.7426451543133
1468 684.606189850791
1470 688.0685725959534
1472 684.6178158047719
1474 655.739340488947
1476 693.8492311733932
1478 671.2248280078119
1480 672.9764397068781
1482 688.3137663195641
1484 666.9233700752424
1486 701.1467700737193
1488 702.3320405638603
1490 675.7196035283523
1492 677.185390371539
1494 694.9002036062785
1496 690.3831231468855
1498 698.3411210040045
