200 49.81451877277186
202 17.05882442422836
204 26.913952146070713
206 35.77988754454097
208 15.83557555769572
210 34.776264612728646
212 54.60906791833942
214 43.62554395060891
216 52.1072495035468
218 29.94625404269845
220 40.635274916112756
222 20.839906708761198
224 33.105717476759544
226 31.918503715622634
228 49.1233839133261
230 42.42166964501095
232 35.87291997432579
234 27.62984846774517
236 46.71489658865296
238 41.040633579012166
240 30.86708343191195
242 51.51007725152813
244 36.457502565560304
246 23.179698225653723
248 21.50314132164581
250 34.60117890274695
252 34.612843928907715
254 39.279716508255575
256 31.575041152483276
258 46.40125582979482
260 36.6403907454207
262 38.51917168117653
264 31.421829248930905
266 28.00288440618167
268 58.67159982454704
270 56.48915000865835
272 60.607347490765974
274 30.70830501618098
276 28.57694477779022
278 61.822229807176996
280 43.86505176933519
282 42.402618173324626
284 51.72957095849975
286 30.697071416442274
288 61.2883451952264
290 60.65882331914415
292 42.28254844061903
294 60.90870506120985
296 51.170288713046176
298 54.35789827694177
300 48.1205403395051
302 37.2724895965166
304 45.87353245266147
306 34.70377223197286
308 62.60969772803509
310 63.9750293219938
312 34.44421880576199
314 58.86922184001676
316 65.03149335039659
318 55.88164255973216
320 48.14951386003858
322 56.07825294146937
324 37.36412465776854
326 42.08484735867266
328 68.47034172743271
330 67.7624619652656
332 74.68995870770127
334 39.746087998080874
336 64.03046730991237
338 63.774453909414646
340 60.6101640810259
342 70.08382757710355
344 61.64731269032061
346 65.9987507001043
348 74.31548302928886
350 80.40123294163996
352 64.80728688121674
354 47.996990111270264
356 50.24139609011958
358 45.14931065414057
360 58.6419583516582
362 77.4435753707675
364 49.73636594080868
366 63.713539934362636
368 77.79502427811691
370 52.71625178875645
372 70.37573042934491
374 49.53792602488646
376 48.417687611410955
378 48.88220582837958
380 50.921720890709565
382 51.36085890081297
384 66.26494850231154
386 87.46151419046376
388 79.71350659119906
390 73.20815170458675
392 66.54006023853825
394 91.54018561030179
396 54.23289080511346
398 86.14999787729192
400 59.82479895813637
402 83.7654510668832
404 62.07067763420247
406 72.04333794205434
408 86.50706130327791
410 96.82191891189825
412 64.79794067927268
414 77.56096306850087
416 83.002887821624
418 78.06167733302154
420 62.78841603097666
422 65.05401088826534
424 97.71554850804469
426 101.85424791852014
428 81.10836576084664
430 99.56114236715155
432 96.92601376330873
434 89.01343595290479
436 71.10566019051677
438 81.91258528525526
440 69.71743799371532
442 94.62179312155544
444 71.79712536400852
446 94.79911631141778
448 98.0616687509551
450 103.75908307194152
452 79.51989023078768
454 108.74112767802514
456 108.14584837657706
458 96.95927665325088
460 74.54051324946849
462 101.22786994101122
464 87.74317764993626
466 83.3291971184351
468 95.64145335104598
470 116.7321767707437
472 91.91130780294931
474 92.60484254096198
476 101.35540106545656
478 109.20620157110196
480 119.78486450851011
482 86.05233203783209
484 88.10062943382844
486 92.81415962098271
488 94.43144713805323
490 122.27120518006339
492 93.49513006842379
494 105.47833125052355
496 118.46580670636263
498 124.98334696832399
500 93.61215084685804
502 124.26390899361459
504 126.49895261324936
506 128.81811150060923
508 97.79371608778644
510 128.4468456718125
512 136.4636758486336
514 126.17249887526343
516 103.55883133512452
518 131.59694119708476
520 103.68045421883411
522 128.28597848315206
524 124.27957025541369
526 133.42002782034328
528 113.83553552910399
530 125.24243063789649
532 138.95736038613455
534 115.17029426879351
536 143.92529385138033
538 134.81374358073782
540 127.35899659767084
542 123.75843052773979
544 138.38216257644828
546 155.08049961192816
548 149.27837500016366
550 146.40579997063182
552 154.90778735105027
554 139.5024840337977
556 130.60348939661088
558 169.8029083547453
560 136.3619625229391
562 138.50140826612116
564 168.95700159932207
566 167.7493530314655
568 155.96819511321613
570 159.255343244864
572 155.5574029279891
574 164.37709742733722
576 179.83747199912023
578 160.1142672950606
580 193.37660290893385
582 159.19602169810122
584 189.97068427318717
586 191.7538456319391
588 197.67400323629306
590 191.59989629346455
592 198.99326546516627
594 202.3293762915874
596 208.8560745522874
598 220.41938334147974
600 203.19245324400714
602 199.67146897330994
604 221.50503202316492
606 212.5266624952126
608 222.09884609553865
610 237.31671079057344
612 213.7156757354806
614 254.33720083544347
616 250.22725184070254
618 264.326109628175
620 261.3165411783531
622 264.32877173693146
624 261.07096558536693
626 267.359008900657
628 259.1722739464492
630 291.7675822243825
632 295.9836354720178
634 275.2217061172097
636 268.7426773233667
638 301.4861309933475
640 300.1292664817052
642 299.9741846014587
644 308.498877423937
646 299.83054879389107
648 310.9682149539645
650 290.35326671638285
652 323.5320715497744
654 301.2587220086879
656 317.1472305329717
658 321.76935864649124
660 295.5310822483242
662 311.9584832110171
664 293.06592625208634
666 285.5689780078844
668 281.69465629172237
670 280.2509013368286
672 298.63052587108984
674 305.5832130604658
676 286.0355865061748
678 269.1576202326878
680 292.7498058819009
682 286.5559972643965
684 288.53793339818014
686 279.5049616808518
688 265.54252040981777
690 286.343564190013
692 264.81694391153053
694 281.3497052875837
696 274.4827532559153
698 264.4086512436854
700 267.5777858320734
702 250.61993818207958
704 258.56229646343866
706 272.6210439330825
708 255.13318798347166
710 244.31838023679344
712 241.4169771542991
714 267.0351892755797
716 239.20919692350367
718 259.8551671341294
720 254.5244951339381
722 273.27846324000797
724 284.3322105132143
726 292.32018562913737
728 277.09881160001515
730 298.92940170255383
732 275.07005010778215
734 308.1618840869312
736 301.36794781370736
738 323.4017316945848
740 337.6092059969944
742 374.5818584113182
744 394.4303344775267
746 446.4783068634917
748 492.09718900059033
750 549.4154552889084
752 626.3935645115114
754 658.8197926521459
756 716.9599782801504
758 734.2651521451799
760 696.8388069844457
762 633.4353826098779
764 557.1875508365939
766 528.5757609399259
768 472.4391073486686
770 430.4967745175222
772 401.30990076006685
774 341.05694379745825
776 322.28199906182726
778 319.4103728689115
780 297.44404257252677
782 301.1391792213977
784 283.1570622617942
786 290.86116266820716
788 295.8450702082646
790 258.1760370877829
792 265.35844618446697
794 246.34291774542825
796 261.37251988072705
798 278.47147071138556
800 277.85065559742134
802 266.85476462160204
804 256.7609086358174
806 240.8884293324575
808 253.01313533149786
810 252.01630121216886
812 256.64670121471033
814 271.2366587647486
816 257.97578938454274
818 240.7264344444597
820 256.2263396375925
822 245.50789188526466
824 268.6041017605871
826 256.6241913696766
828 263.9502559970525
830 244.14241969651738
832 240.6528312409099
834 248.4453196186143
836 238.65317864354108
838 263.22511334624426
840 276.6577176783704
842 241.86668374921823
844 244.9750563481507
846 276.0431136388449
848 259.4823183721845
850 281.61516700471736
852 258.8617665419138
854 267.969140614828
856 250.2036710204904
858 286.6534608806361
860 278.5365770460664
862 258.3733618038781
864 268.1365328403989
866 256.75962667627493
868 287.39744288450777
870 290.74749727849945
872 292.31292384723605
874 271.57025869060425
876 304.3076673470026
878 294.24359251931025
880 299.09001840902624
882 304.87264105233265
884 278.52682906794905
886 304.48976310510676
888 304.7898240784192
890 289.0694004407933
892 284.6120868093999
894 315.8077756300079
896 291.2670352536103
898 321.56245938035954
900 329.983112856566
902 319.14453143753497
904 341.5468327354988
906 323.3311771439863
908 349.91262710816784
910 344.13955165599276
912 341.4852083601379
914 363.3986092268408
916 344.71997812173186
918 388.60177146593446
920 381.91445395416963
922 392.22692304255537
924 410.6628349982804
926 396.45539473581243
928 425.3501864859188
930 438.8104633615235
932 473.74654573919054
934 466.63308334809244
936 480.643545566651
938 510.49388073154694
940 548.2257902119295
942 559.8081660560116
944 612.8488126766634
946 602.7855625781826
948 661.5369560250688
950 665.931691024465
952 676.628019620111
954 698.5504561954706
956 678.1538745454825
958 667.1382304897331
960 672.6105990068131
962 665.357316892226
964 616.0152074709638
966 611.0162095672409
968 583.7330983047082
970 568.5248850391761
972 517.8562825886517
974 513.7621208471867
976 479.2273642661678
978 472.68185350232216
980 472.64943614218777
982 459.01566774017374
984 448.3507391610361
986 447.7582199414287
988 416.2936493876307
990 424.7374410618955
992 410.6850785392894
994 391.5139001958643
996 396.9680315284637
998 405.0306855353824
1000 394.17734651613046
1002 397.6042411049081
1004 392.9066031387455
1006 380.38447963343935
1008 370.5378870734986
1010 372.61420716461663
1012 359.69209693076033
1014 356.89803612310163
1016 383.54589036591483
1018 361.0575406357939
1020 388.81855225386846
1022 372.7383564850404
1024 363.5348811066706
1026 378.8719851409798
1028 365.4443012257363
1030 379.0351095617671
1032 382.85740529825176
1034 373.42481946578675
1036 352.46740210862936
1038 368.6969145815398
1040 366.6708579094721
1042 385.99278368855886
1044 373.95830720039885
1046 363.031704305565
1048 376.8048858868528
1050 358.5602901159019
1052 385.4658229988229
1054 357.0038384327682
1056 355.54540036003925
1058 363.4612111844042
1060 367.31028756990014
1062 365.51629841151987
1064 367.6788685599241
1066 365.8506958473797
1068 375.42346447249156
1070 363.9394183154845
1072 372.028366679826
1074 386.4593412445068
1076 388.2970194549872
1078 371.46587951529875
1080 401.6275787463881
1082 374.6948881151782
1084 375.52897318353945
1086 367.7916481537132
1088 377.9968277127573
1090 371.31051986981583
1092 383.5852739266158
1094 400.71193939328776
1096 393.62560946619817
1098 377.4288051034681
1100 407.5045595772547
1102 404.7418658238609
1104 390.6111543683606
1106 382.6086123349078
1108 387.96834703727546
1110 395.4481783336099
1112 385.73393605971694
1114 418.1115509493493
1116 418.5768871325446
1118 419.201717604648
1120 400.0014410429882
1122 417.1839346133447
1124 388.4692556669863
1126 409.6134401459799
1128 401.5290399189872
1130 398.52698650904915
1132 393.469562198059
1134 400.1453191887052
1136 422.34485885839285
1138 423.3928322407795
1140 431.2684462911545
1142 406.2760237935388
1144 418.15204109209736
1146 418.44956817624194
1148 420.47587669491736
1150 411.07958638321537
1152 408.1594946867024
1154 434.12817290418985
1156 442.2639563177792
1158 432.56380583477323
1160 442.70379299680604
1162 411.8775806894378
1164 430.0517431368616
1166 432.6945562210269
1168 429.53810513689564
1170 446.9783039526147
1172 426.64535907524333
1174 437.93568876635624
1176 449.8721964870059
1178 433.3555624529748
1180 436.0672429405497
1182 455.51037044041095
1184 446.11663468997546
1186 457.85096358152447
1188 453.8986970196653
1190 447.05972434866226
1192 465.2689629381351
1194 467.87785793526507
1196 458.72511866637194
1198 451.41374473052394
1200 442.0478343290678
1202 449.5815133334673
1204 474.3779193558319
1206 453.7116712438041
1208 461.88827804879145
1210 465.22701664715794
1212 465.992183760199
1214 478.59408671985756
1216 457.42316746335035
1218 484.3805128965053
1220 470.6678054005447
1222 468.14215761707504
1224 473.0801454247714
1226 465.3505703863507
1228 493.137049559155
1230 492.5815283540576
1232 470.972661328706
1234 473.5999735206678
1236 478.99226714205986
1238 476.69828754709107
1240 472.40675341134437
1242 498.290426211655
1244 486.876732630126
1246 507.33227838737906
1248 502.22875974486794
1250 500.4189889357419
1252 503.2265122823175
1254 489.84763103166404
1256 490.91474743397134
1258 502.50618193756645
1260 503.28261705852213
1262 495.2176466272686
1264 515.0858704083023
1266 497.0574688790444
1268 500.4505235321042
1270 526.2325083803131
1272 502.4446913744244
1274 508.7485754849897
1276 505.0040752494833
1278 499.03429417680445
1280 513.9093142147125
1282 514.9572783106622
1284 507.8040038103749
1286 525.3692451062767
1288 533.957288248198
1290 510.1848552810959
1292 539.379695406107
1294 506.79732977806805
1296 537.5869638675949
1298 520.739690713749
1300 544.1367719055692
1302 544.2381364569255
1304 523.042171341775
1306 523.520918306735
1308 528.5044372717739
1310 539.6843030989099
1312 533.6876046242139
1314 530.7600368563258
1316 547.1609343139116
1318 556.4787831361891
1320 555.3165194365625
1322 556.2708903262703
1324 537.1186643283643
1326 534.5052616697899
1328 555.2987462273771
1330 540.8830711310645
1332 540.3865832127923
1334 541.4138767265002
1336 546.3665233010531
1338 553.6306405550105
1340 573.8969271059002
1342 578.3955807860343
1344 564.1335577135535
1346 549.2734752393767
1348 568.812815658288
1350 583.9730262486652
1352 558.5356967069108
1354 560.4439879045095
1356 557.6221558722563
1358 588.4915686879785
1360 572.6761443114398
1362 562.7555961100027
1364 595.0953483780063
1366 584.7657522254664
1368 566.0607182632633
1370 593.6701880826864
1372 575.8348093850493
1374 584.9347426794048
1376 577.4734453331978
1378 591.5562197355127
1380 589.1808484173362
1382 605.9150355850445
1384 589.09032039064
1386 607.8440600001386
1388 599.6472278123429
1390 606.0044536266346
1392 592.6273601242837
1394 601.665207934912
1396 622.2525837153618
1398 620.16307070595
1400 612.1856811547626
1402 597.9932881792772
1404 625.7621952519706
1406 604.3583463209103
1408 596.8258495927098
1410 612.6524484961726
1412 638.0295745781328
1414 604.0840412174041
1416 631.5241244104146
1418 617.7154548241718
1420 611.4193680551878
1422 644.9366497800241
1424 626.1078893801284
1426 649.5721339245505
1428 639.4150193354965
1430 624.9535112262386
1432 627.323296025405
1434 649.7994198450344
1436 649.6191892440679
1438 636.4207027875441
1440 659.6822009552858
1442 659.0789317033118
1444 650.4877189106194
1446 667.0813119150603
1448 639.946242734417
1450 659.8499478115059
1452 647.1493585298591
1454 666.5075808291905
1456 673.4248791078675
1458 674.4789863977929
1460 664.2739908596018
1462 653.0233904070312
1464 681.421377256164
1466 679.269712794979
1468 684.1393240624926
1470 687.6076740252437
1472 684.1627871184473
1474 655.2900863246824
1476 693.4056580917884
1478 670.7868444458039
1480 672.543955932473
1482 687.8866943878473
1484 666.501623785625
1486 700.7302649283818
1488 701.9206937273531
1490 675.313333788319
1492 676.7841181005247
1494 694.5038507245889
1496 689.9916130864644
1498 697.9543786732982
