200 49.51572373511925
202 16.757215220759882
204 26.60949052369044
206 35.47253456870187
208 15.525291597341575
210 34.463009324838
212 54.29280023205929
214 43.306222050965616
216 51.78483081472071
218 29.62069521084913
220 40.306531791740355
222 20.507934328589513
224 32.77047004512573
226 31.57993458535774
228 48.78144556611038
230 42.076313671186995
232 35.52409705215214
234 27.277508342072323
236 46.35898804900299
238 40.68110443704259
240 30.50388049824366
242 51.14314631191647
244 36.08678835638764
246 22.805144408720967
248 21.124690458239566
250 34.218772426958
252 34.2264221201757
254 38.88921846311372
256 31.18040475547602
258 46.00241772354012
260 36.237286299787755
262 38.11173496154841
264 31.009992983520583
266 27.58657995236839
268 58.25075713419895
270 56.06369759240586
272 60.177212381188724
274 30.27341272987013
276 28.137219276245933
278 61.37759345649948
280 43.41542529866603
282 41.94792063199317
284 51.26971967182773
286 30.231981940157546
288 60.81793126843506
290 60.182996815807826
292 41.80121931948199
294 60.42178131411841
296 50.67767631160025
298 53.85950111741592
300 47.61626018597369
302 36.76222602211509
304 45.35718277891251
306 34.1812314661032
308 62.08085849820576
310 63.43978181036285
312 33.902450679295214
314 58.320818178958476
316 64.4763365743082
318 55.31961235100255
320 47.58048708476548
322 55.50210356760695
324 36.7807236704311
326 41.49406267247973
328 67.87203809577511
330 67.15650088636707
332 74.07619832734372
334 39.124383008855816
336 63.40066884685408
338 63.13640944186426
340 59.96371730056799
342 69.42881828140969
344 60.983576662726094
346 65.32611958473579
348 73.63378420155236
350 79.71028937386859
352 64.10691700326831
354 47.287007665854254
356 49.521609982622195
358 44.41952479670482
360 57.90197150126405
362 76.69318096104408
364 48.97535190729694
366 62.941688532932744
368 77.01211189622903
370 51.92204874923803
372 69.57000078634026
374 48.7204273516166
376 47.58817077936274
378 48.04041477752297
380 50.06739239032063
382 50.493722300457726
384 65.3847254725218
386 86.5679184526108
388 78.80624363604443
390 72.28691849896065
392 65.60454491956597
394 90.59006716656698
396 53.26783874411247
398 85.1696718784979
400 58.82884851095333
402 82.75351509272966
404 61.042384091920916
406 70.99830341579718
408 85.44489057197144
410 95.74220449933432
412 63.700262383822704
414 76.44488747138777
416 81.8679677726254
418 76.90745141241048
420 61.61440798643571
422 63.85972904543389
424 96.50048515327892
426 100.61787865235917
428 79.85014882058681
430 98.2805179168331
432 95.62240314931482
434 87.6862409232618
436 69.75426207586585
438 80.53634413933833
440 68.31569169108364
442 93.19385641006376
444 70.34228886950349
446 93.31664549186421
448 96.55080279706686
450 102.21903375119518
452 77.94984067149522
454 107.1402310899258
456 106.51322670417785
458 95.29401915789774
460 72.84167501586609
462 99.49447030362634
464 85.97419853441687
466 81.52358129285365
468 93.79810258142847
470 114.84994987497575
472 89.98901859675313
474 90.64125766921433
476 99.34923771166329
478 107.15612503736017
480 117.68948565776945
482 83.9102045897133
484 85.910247104665
486 90.57395309811966
488 92.1397808777644
490 119.9263740177293
492 91.09535562884953
494 103.02175814546189
496 115.9504985054457
498 122.40728192869089
500 90.97321738579731
502 121.55990088751676
504 123.72756390508717
506 125.97693109702924
508 94.8802220257102
510 125.45839903320736
512 133.39751430082936
514 123.02572981286511
516 100.3284245982131
518 128.279721339018
520 100.27309229557191
522 124.78498333465656
524 120.68127924833627
526 129.72059701994203
528 110.03092926717291
530 121.3284104424844
532 134.92947323804515
534 111.02386014936616
536 139.6553925459462
538 130.4152007025403
540 122.82636879807436
542 119.08598986039318
544 133.563879985923
546 150.11002752146624
548 144.14902897884082
550 141.11053946782707
552 149.43919549604072
554 133.85274651107937
556 124.76437242378827
558 163.76573581025576
560 130.11759229633242
562 132.0402079350957
564 162.26882357639496
566 160.8235093703741
568 148.79343222247292
570 151.81981682509533
572 147.84865353278832
574 156.38202714659937
576 171.54232288165178
578 151.50460226630742
580 184.43729010268396
582 149.9112233107187
584 180.3238512678536
586 181.72771987059136
588 187.25062889968308
590 180.7606427649124
592 187.71886419896182
594 190.59997455750107
596 196.65130933407028
598 207.7184790548612
600 189.97434730668238
602 185.91496957488476
604 207.1890126651539
606 197.6302979453306
608 206.60189425787183
610 221.1998445504105
612 196.96086799806858
614 236.92816463595221
616 232.14993545101763
618 245.56924392871144
620 241.87223313328374
622 244.19313359624215
624 240.24476450729702
626 245.84831622835742
628 236.98908771127262
630 268.93039107401944
632 272.5178877807692
634 251.16014529580676
636 244.12550412072278
638 276.36095661443966
640 274.5508271534542
642 274.003798936216
644 282.2036421705286
646 273.28228535075743
648 284.24219681534106
650 263.5267749064248
652 296.6828390309083
654 274.46333721557266
656 290.47957332899466
658 295.2991386763499
660 269.322540311599
662 286.0693021550419
664 267.54638078505377
666 260.46133479778894
668 257.03281865913635
670 256.06027829189367
672 274.9280941534538
674 282.3777335874479
676 263.3279330659909
678 246.94117783319655
680 271.01089810875635
682 265.274305463183
684 267.68687465551614
686 259.05199672912863
688 245.4493661464473
690 266.5662880468707
692 245.30591850410664
694 262.04940135426705
696 255.33134662306722
698 245.33741514530362
700 248.5102330065509
702 231.47066723980515
704 239.23548331058277
706 253.00850045579864
708 235.11188517505212
710 223.74729924944012
712 220.13310618631056
714 244.84842221326124
716 215.89580474272026
718 235.14939591968587
720 228.10768185603243
722 244.76483305775736
724 253.25020026557024
726 258.0876894902222
728 238.9901155845991
730 256.0306998744709
732 226.21925035995605
734 251.86688525801668
736 235.69582712342697
738 245.82992043619083
740 244.83064345788847
742 262.2644759999269
744 256.95998996940654
746 276.7928415670004
748 281.90339611863135
750 290.43316607332633
752 313.688527676596
754 296.96179328253754
756 326.8488931347896
758 353.4820697899404
760 368.2067458309212
762 389.89403283577235
764 416.1895287555597
766 496.41597896273737
768 550.0182682532285
770 614.7249266215883
772 681.1328568391051
774 691.3557994667875
776 703.6618294933103
778 689.6359990587522
780 626.5702411678807
782 577.0799101727188
784 507.0030373660172
786 469.7987313827727
788 438.40525641880174
790 372.0935966510125
792 356.95049433475003
794 320.53750736604206
796 321.9417478958152
798 328.2871018074767
800 319.1028883350717
802 301.22327293730183
804 285.54346879448343
806 265.09609326919804
808 273.44031276310943
810 269.2924338428178
812 271.27454413159955
814 283.62082708156004
816 268.44420649350184
818 249.5465754934715
820 263.61763236462514
822 251.6512588326085
824 273.64935894845
826 260.695826619982
828 267.15197249210996
830 246.56073106009597
832 242.3599222782105
834 249.50133404114268
836 239.1080561596962
838 263.12006955954024
840 276.0264385669139
842 240.73629015047803
844 243.36688143998984
846 273.97332687673565
848 256.96242197408037
850 278.65238532620333
852 255.45934415302614
854 264.1265612762194
856 245.91680683422496
858 281.9146584874869
860 273.3346857237006
862 252.6937065843393
864 261.9608342271844
866 250.06586713224328
868 280.1596789233272
870 282.935614672604
872 283.892332116406
874 262.5015196109157
876 294.54605067293943
878 283.73855039268835
880 287.78456798307576
882 292.70264262776067
884 265.42014445230643
886 290.3652758903456
888 289.55629999690865
890 272.6241618092673
892 266.83947019544144
894 296.5773361620241
896 270.4314543282671
898 298.9551048002348
900 305.41519159238743
902 292.40176527058486
904 312.3855761632855
906 291.473885558128
908 315.0425722622924
910 305.8946724711044
912 299.45098103294174
914 317.0998262584493
916 293.6113492518568
918 332.05731346297534
920 319.21574117783746
922 322.5504583465361
924 333.0671189260478
926 309.8687906913042
928 328.5614997120441
930 330.46540118356376
932 352.3550518317858
934 330.5950554072668
936 328.303618992372
938 340.2393590592215
940 358.6441747840202
942 349.91945848819705
944 382.41850194355504
946 352.70176220203086
948 394.1970169325033
950 385.5370222179844
952 389.2546813348421
954 411.88356723873767
956 400.86833936565375
958 408.04920731073696
960 439.8245734962152
962 465.65403299875913
964 454.5819204273787
966 491.5131114326318
968 508.57201735823764
970 539.2198365137372
972 535.3318245782291
974 578.548026047798
976 591.5034566951275
978 632.1608586340737
980 678.3060168679417
982 708.6978601444021
984 738.353076528673
986 772.487934822635
988 768.1952716548985
990 794.614142280841
992 788.4406461493797
994 767.1698923881236
996 761.6814406041134
998 751.8369229728421
1000 718.3114580171036
1002 696.4211660968037
1004 665.5338412849642
1006 627.2649363116589
1008 592.9835584978082
1010 572.4358751394899
1012 538.9247766154162
1014 517.6151825178076
1016 527.7443335406804
1018 490.5935913663044
1020 505.3785395792546
1022 477.8309014038708
1024 458.49598597158035
1026 464.87701215836466
1028 443.5230844326687
1030 450.08793042187995
1032 447.67053670907933
1034 432.68496014914996
1036 406.7747010193202
1038 418.576507169753
1040 412.5829599998068
1042 428.341452096509
1044 413.0990032694115
1046 399.27780263357477
1048 410.4332651080567
1050 389.8161314665855
1052 414.5667289274903
1054 384.14336965446796
1056 380.8961165474823
1058 387.1772884416882
1060 389.529775141298
1062 386.3630677535544
1064 387.2642998717015
1066 384.27514028967187
1068 392.7775144728724
1070 380.30501341831217
1072 387.47975822855017
1074 401.0639356651527
1076 402.11611694325313
1078 384.5553224287848
1080 414.03832189401317
1082 386.4735013551124
1084 386.7180852361265
1086 378.43033926250223
1088 388.120977707728
1090 380.9531172710822
1092 392.7766909483386
1094 409.4801770445056
1096 401.99651637965025
1098 385.4262732400546
1100 415.15069953985005
1102 412.0571641591265
1104 397.61461493005953
1106 389.317883519501
1108 394.3998364759712
1110 401.61715642922104
1112 391.6546295871696
1114 423.79722779168367
1116 424.0399330965455
1118 424.453706149111
1120 405.0531966557513
1122 422.04559048862836
1124 393.15030626060053
1126 414.12278912114897
1128 405.8750439386743
1130 402.71749528068904
1132 397.51195513262456
1134 404.04653899725946
1136 426.11144237505476
1138 427.03093873077233
1140 434.7838834758183
1142 409.6742718004409
1144 421.4382745172895
1146 421.6286764269736
1148 423.5524827644299
1150 414.0580641943742
1152 411.04398512795484
1154 436.92259866948103
1156 444.97203565145145
1158 435.18906527297514
1160 445.24957918841903
1162 414.34707137188065
1164 432.44795733525945
1166 435.02036373304827
1168 431.79623535999013
1170 449.17135410536156
1172 428.7758018599872
1174 440.0058795162114
1176 451.88437983660344
1178 435.3118785689749
1180 437.9697333448998
1182 457.36098345657433
1184 447.9172305398506
1186 459.603319158501
1188 455.6045103611919
1190 448.7206188298192
1192 466.886491205986
1194 469.45350560219737
1196 460.26030777920766
1198 452.9098370308744
1200 443.50613431921477
1202 451.0032711609605
1204 475.76433352899227
1206 455.06389118940626
1208 463.20740652235907
1210 466.5141120055336
1212 467.2482621053423
1214 479.82012392217405
1216 458.6201010722553
1218 485.5492439453749
1220 471.8092001126997
1222 469.2570490189745
1224 474.1693348721617
1226 466.41482900871813
1228 494.1771196274615
1230 493.5981245763991
1232 471.966472078221
1234 474.57166199972903
1236 479.9424724865174
1238 477.6276258740821
1240 473.31581881395635
1242 499.17979170351293
1244 487.74695104277737
1246 508.1838832231637
1248 503.06226598778983
1250 501.2348938226999
1252 504.02529603690414
1254 490.6297575626029
1256 491.6806650001362
1258 503.2563237814048
1260 504.0174020095946
1262 495.9374796775121
1264 515.7911432605273
1266 497.74856047008666
1268 501.1278005319666
1270 526.8963256685541
1272 503.095392494977
1274 509.38649308052345
1276 505.6295314763602
1278 499.64760110161745
1280 514.5107741933388
1282 515.5471843507111
1284 508.3826399178608
1286 525.9368866172997
1288 534.5142021463728
1290 510.73130050142674
1292 539.9159231259705
1294 507.3235836959265
1296 538.1034804700321
1298 521.2466995313853
1300 544.6344957583865
1302 544.7267916895
1304 523.5219680488934
1306 523.9920605498422
1308 528.9671232866776
1310 540.1387254951452
1312 534.13395057645
1314 531.1984882881787
1316 547.5916680745049
1318 556.9019711697904
1320 555.7323289456061
1322 556.6794839280597
1324 537.5202002057346
1326 534.8998937159962
1328 555.6866241854611
1330 541.2643407279397
1332 540.7613862882766
1334 541.7823513575139
1336 546.7288039211871
1338 553.9868580696642
1340 574.2472090031756
1342 578.7400512435642
1344 564.4723377014351
1346 549.6066826193726
1348 569.1405652794489
1350 584.2954300395215
1352 558.8528637643747
1354 560.75602457962
1356 557.9291658528973
1358 588.7936530786902
1360 572.973401710441
1362 563.048122683535
1364 595.3832379321068
1366 585.0490962752702
1368 566.3396060999338
1370 593.9447068380642
1372 576.1050440941109
1374 585.2007763406144
1376 577.7353589668334
1378 591.814092440045
1380 589.4347574239335
1382 606.1650563102766
1384 589.3365264874457
1386 608.086523407126
1388 599.8860188014827
1390 606.2396408494062
1392 592.8590106563317
1394 601.8933873192693
1396 622.477356004289
1398 620.3844985014454
1400 612.4038256477871
1402 598.208209187744
1404 625.9739512575426
1406 604.5669945046476
1408 597.0314458696097
1410 612.8550475486398
1412 638.2292298884189
1414 604.280805099052
1416 631.7180480387433
1418 617.9065882658339
1420 611.6077602968332
1422 645.1223487561007
1424 626.2909419998475
1426 649.7525860980486
1428 639.5929159992186
1430 625.1288963675705
1432 627.4962127065794
1434 649.9699102263355
1436 649.7872946063586
1438 636.5864635541373
1440 659.8456567131822
1442 659.2401212238257
1444 650.646680169411
1446 667.2380821115961
1448 640.1008583108753
1450 660.0024444711466
1452 647.2997712548739
1454 666.6559438980515
1456 673.5712261121901
1458 674.6233502587273
1460 664.4164038437701
1462 653.1638841420231
1464 681.5599827456049
1466 679.4064604331855
1468 684.2742436487268
1470 687.7407947775789
1472 684.2941376872589
1474 655.4196948057729
1476 693.5335520391604
1478 670.9130508840904
1480 672.6685013690351
1482 688.0096048245516
1484 666.6229247303077
1486 700.849981406011
1488 702.0388502908982
1490 675.4299545293336
1492 676.8992266594554
1494 694.6174703008155
1496 690.10376644808
1498 698.0650881666368
