200 49.31547606103471
202 16.555049640101807
204 26.405380856444822
206 35.26645416841248
208 15.317213340813305
210 34.25290560156836
212 54.08064293338972
214 43.09198255894395
216 51.56847999066584
218 29.40220338360858
220 40.08586874563113
222 20.28506929101237
224 32.545371673842354
226 31.35257095542044
228 48.55178415643293
230 41.84432135074536
232 35.28974006580313
234 27.040752295977786
236 46.11979789564688
238 40.43944445982755
240 30.259714295653428
242 50.89643678122985
244 35.83749767692919
246 22.55323402463312
248 20.8701210607602
250 33.961503936186936
252 33.966413666312945
254 38.62642836715163
256 30.914790509326874
258 45.73393596957986
260 35.96589280979589
262 37.83738461502335
264 30.732639745348855
266 27.30617684982515
268 57.96725623325669
270 55.7770499733269
272 59.887368113376354
274 29.980320845952097
276 27.840827745363057
278 61.07784915677098
280 43.11227398880193
282 41.641306922023176
284 50.959586992914325
286 29.9182725134602
288 60.50058607299056
290 59.861955555390686
292 41.476420388407206
294 60.09316176194722
296 50.345171806707896
298 53.523045909378766
300 47.27578706673111
302 36.41766628585967
304 45.00846618066004
306 33.828286178891986
308 61.72361106887236
310 63.078157113839154
312 33.536371871369354
314 57.95020664743947
316 64.10111188853153
318 54.93969220961107
320 47.19578726169725
322 55.11253785621814
324 36.38620382567926
326 41.094498351088944
328 67.46733679430125
330 66.74656787707724
332 73.66093659182037
334 38.703693169231606
336 62.974449094578944
338 62.704555463902054
340 59.52612220291469
342 68.98537250982021
344 60.5341679205312
346 64.87063274762525
348 73.1721012291938
350 79.24228921822596
352 63.63247551347639
354 46.80599748949931
356 49.033900463270676
358 43.92498186751488
360 57.40045757450582
362 76.18455481334607
364 48.4594685604267
366 62.41839912991008
368 76.48126357255973
370 51.38348449904507
372 69.02355932315814
374 48.165942963601815
376 47.02547317866086
378 47.46932894351883
380 49.4877384064838
382 49.9053151844799
384 64.7873749994267
386 85.96142897049975
388 78.1904138741225
390 71.66154136746907
392 64.96940730122583
394 89.9449496991173
396 52.612515593502884
398 84.5039105022714
400 58.152409411328506
402 82.06615155886418
404 60.34384193080848
406 70.28832067121908
408 84.72319723089021
410 95.00852218508209
412 62.95430403539866
414 75.68635700813962
416 81.09655974354663
418 76.12285062924022
420 60.816289139699066
422 63.0477563025099
424 95.6743117375276
426 99.77714640228106
428 78.99448772792574
430 97.40954564246664
432 94.73572451570536
434 86.78344738216602
436 68.8349311499187
438 79.600038836042
440 67.36195988763897
442 92.22223020738357
444 69.3522839136416
446 92.3077602609815
448 95.52251785193528
450 101.17081094711207
452 76.88112232934269
454 106.05043912396249
456 105.4017617039936
458 94.1602594217925
460 71.68497553273511
462 98.31416168023995
464 84.76958586477791
466 80.29394296609397
468 92.54268902447043
470 113.5679822259317
472 88.67968730476527
474 89.3037210161487
476 97.98262025076218
478 105.75951594362635
480 116.2619369845027
482 82.45072942524185
484 84.41781762291157
486 89.0474984962115
488 90.57818519343775
490 118.3284738187903
492 89.45993756643239
494 101.3475563622728
496 114.23619188959219
498 120.65149120307441
500 89.17450202238636
502 119.71675583512246
504 121.83841611852876
506 124.0401358548068
508 92.89405902249476
510 123.42106823261734
512 131.30713153308966
514 120.88032210104419
516 98.12592519581203
518 126.01796446074758
520 97.94980752221497
522 122.39778967198066
524 118.22767881911787
526 127.19796836730595
528 107.43652024666997
530 118.65933067965668
532 132.1826861277074
534 108.1961743725124
536 136.74345308013886
538 127.41547930193173
540 119.73515391994366
542 115.8993760163686
544 130.27775649804653
546 146.72006666610545
548 140.6506735053746
550 137.4989894842659
552 145.70939472058666
554 129.99936789743396
556 120.78180317919443
558 159.6480618393099
560 125.85858212110148
562 127.63329616371277
564 157.70709401887754
566 156.09967793284522
568 143.89982975033064
570 146.74837211319286
572 142.59087677773485
574 150.9289941844035
576 165.88466063479382
578 145.6324759197466
580 178.3403926401611
582 143.57876817287283
584 173.74456904387165
586 174.88986010677303
588 180.14196830228133
590 173.36850129082254
592 180.03013076480252
594 182.60114435185662
596 188.3285349828438
598 199.05763815575955
600 180.96112910085202
602 176.53498374051247
604 197.42792337078623
606 187.4739863523398
608 196.03665256477825
610 210.2126043695792
612 185.53946528151238
614 225.06164244916897
616 219.82888455855226
618 232.78617933667675
620 228.6220023868137
622 230.47334974505424
624 226.05625327843177
626 231.1955632085353
628 221.88066746705567
630 253.37935646109625
632 256.5420946568733
634 234.7824859811107
636 227.37402280265627
638 259.2688219792351
640 257.15614220009263
642 256.3492352820431
644 264.3358959265378
646 255.25136315859532
648 266.10055284819884
650 245.3283312245594
652 278.48193125275526
654 256.31363377571415
656 272.4330187871831
658 277.4049693108632
660 251.62641388098348
662 268.6125741012638
664 250.36554751875863
666 243.58765244844915
668 240.49209410566704
670 239.87281946062635
672 259.1087991482614
674 266.93629346435705
676 248.2691208871281
678 232.2651966736508
680 256.7137624327845
682 251.34823317104815
684 254.12067059751968
686 245.83141213955483
688 232.55742192361032
690 253.98355286061062
692 233.01073520860345
694 250.01805705656727
696 243.53818299318536
698 233.75487616987354
700 237.1088474147391
702 220.21896229470886
704 228.09982557398706
706 241.95285748667868
708 224.0974998667366
710 212.73226555813733
712 209.07183121166548
714 233.69095474720785
716 204.58700420288605
718 223.62790760391277
720 216.30467410705717
722 232.60243839748995
724 240.6395847169753
726 244.92665057730008
728 225.16007768175604
730 241.39293255733332
732 210.6100767848474
734 235.0915670908546
736 217.5207011756927
738 225.9722070883603
740 222.945129769904
742 237.92597101465586
744 229.64001967435257
746 245.82844725861477
748 246.45506145083482
750 249.4277623877756
752 265.7417102751589
754 240.2726360448102
756 259.0583257198924
758 271.48778842994153
760 267.93590379998886
762 266.0641606695607
764 262.16718516686825
766 304.46735352195435
768 312.5989570532319
770 327.8736756750729
772 350.70715523372417
774 339.94653187294807
776 371.017990622501
778 421.20449580923906
780 458.0537856735471
782 527.7903359793258
784 581.7399055560843
786 660.4231500226122
788 721.4883008447387
790 708.3999679604186
792 700.8963835377949
794 636.034369682358
796 591.0247586558951
798 548.2549053191435
800 495.2816076469402
802 441.413621962594
804 397.2625517561985
806 354.6334275922569
808 345.74893115701354
810 328.1725208121503
812 319.6154583969443
814 323.61900425479735
816 301.7769196956906
818 277.5036249011838
820 287.1989857856136
822 271.6388822915897
824 290.6600410442312
826 275.2201722980303
828 279.58336221105094
830 257.21698488615675
832 251.49963484754633
834 257.33629138365865
836 245.81275062041965
838 268.8390487316444
840 280.88002466198145
842 244.8250636323453
844 246.77522021758875
846 276.7722181381804
848 259.2117096454166
850 280.40257641297205
852 256.7530678365097
854 264.999752738023
856 246.39967134580257
858 282.0324588747899
860 273.1083868561721
862 252.140503283736
864 261.0945833912387
866 248.89744051349314
868 278.69724959268933
870 281.18488750529485
872 281.85672649548144
874 260.1823108229976
876 291.9424750739961
878 280.8478782739211
880 284.60214710968194
882 289.2219146107268
884 261.63263540884645
886 286.2605622224585
888 285.12194954511335
890 267.84565009883136
892 261.7000709667399
894 291.05798484794275
896 264.5105825934149
898 292.6084436727463
900 298.6155400822047
902 285.1187206598948
904 304.5852213548285
906 283.1184279522181
908 306.0899275768955
910 296.2979856900793
912 289.15807522899587
914 306.05256834637447
916 281.7449197332781
918 319.2993648661006
920 305.4854271039715
922 307.75731172707833
924 317.1097541742909
926 292.63339979472255
928 309.92010683353703
930 310.2738338974767
932 330.4505795868432
934 306.7936370758559
936 302.3966913729383
938 311.99008698215334
940 327.7830712488872
942 316.1392705684974
944 345.3682461141615
946 311.97978325570364
948 349.3429412062998
950 336.02248426034197
952 334.47273296250364
954 351.1367445530377
956 333.3554910741169
958 332.85141442000634
960 355.89087337656326
962 371.78828408294123
964 349.4331253742407
966 373.5730100446688
968 376.1859397594286
970 390.6198092851803
972 368.70470542834215
974 392.15549039894785
976 383.87347930129545
978 402.3687949934185
980 426.35232601309826
982 435.9627155047292
984 448.0625786602059
986 470.07096374756935
988 461.37259525434933
990 493.0853047351501
992 503.1459198948729
994 509.27128292768964
996 541.5330717873107
998 578.2121811022444
1000 598.021951657953
1002 634.2898559501245
1004 664.5677969473843
1006 688.8473923836007
1008 716.9483972468823
1010 756.9640541485187
1012 780.2892984098619
1014 809.8885195385268
1016 862.6521155409619
1018 857.7133884589945
1020 892.8014395221278
1022 873.2279770924638
1024 850.341602177838
1026 843.4961888533196
1028 801.7097161750685
1030 783.225562552728
1032 753.4580001047894
1034 710.6468799183826
1036 657.7230350760381
1038 644.1302056160594
1040 614.7921465462919
1042 609.4208213083446
1044 575.2541979177608
1046 544.6021663145534
1048 540.8536956472927
1050 507.07102050914307
1052 520.2035998951161
1054 479.52775335455954
1056 467.2261668828234
1058 465.5007240917521
1060 460.761128587515
1062 451.3001232343523
1064 446.60316345826743
1066 438.62372362579606
1068 442.6674089807505
1070 426.20183757799333
1072 429.7921118342412
1074 440.15111403108267
1076 438.29473882256605
1078 418.10501648588144
1080 445.2066030787292
1082 415.4799534682593
1084 413.7579510290757
1086 403.67760545353974
1088 411.7310297214683
1090 403.065027434693
1092 413.5151942776996
1094 428.95738051498137
1096 420.3133805565622
1098 402.6738991914762
1100 431.41144892263975
1102 427.4056361239334
1104 412.11849991311556
1106 403.0387109744797
1108 407.3936310588566
1110 413.9350150071203
1112 403.3432296342216
1114 434.8992762077516
1116 434.59456319203554
1118 434.49682944422017
1120 414.61781521310525
1122 431.16207470823304
1124 401.84664239324434
1126 422.42480018243634
1128 413.80658721533837
1130 410.30063920082944
1132 404.76713791124456
1134 410.99271115887063
1136 432.766194988566
1138 433.4106189619778
1140 440.90369886414794
1142 415.54838449468383
1144 427.0798865558928
1146 427.050107018997
1148 428.76523841453314
1150 419.0729024169815
1152 415.87097240997514
1154 441.5711632659618
1156 449.4510157328494
1158 439.50675288509507
1160 449.41376043543073
1162 418.36506318826133
1164 436.3266411732354
1166 438.7662164574445
1168 435.4153576117583
1170 452.66949636793584
1172 432.15838843858046
1174 443.2780306188273
1176 455.05093192657836
1178 438.37740314198754
1180 440.93855426835034
1182 460.23719299581853
1184 450.7047041837893
1186 462.3057293463077
1188 458.22533920236253
1190 451.2631699011237
1192 469.3539005011786
1194 471.84875170340393
1196 462.58622131266475
1198 455.1691094640768
1200 445.70132615145866
1202 453.13681955469883
1204 477.83855942528834
1206 457.0810059470366
1208 465.1695181167368
1210 468.4232308205612
1212 469.1063063485249
1214 481.6289246908045
1216 460.3814070961908
1218 487.26472602984313
1220 473.4804553026776
1222 470.8856045049541
1224 475.7566516555448
1226 467.96230534364486
1228 495.6860942545652
1230 495.06987976278197
1232 473.4022364768466
1234 475.9726133404257
1236 481.3097401098651
1238 478.96229311861305
1240 474.61892526632477
1242 500.4523353205806
1244 488.98989015390663
1246 509.39813842041156
1248 504.24872191114224
1250 502.3944008469788
1252 505.1586718665094
1254 491.7377887398208
1256 492.7641083323465
1258 504.31590769214966
1260 505.05382781813574
1262 496.95142281118365
1264 516.7832544039055
1266 498.719466654726
1268 502.0781061702025
1270 527.826613534644
1272 504.00622465663463
1274 510.27841178370454
1276 506.5030599859722
1278 500.50324450065557
1280 515.3490201427917
1282 516.3685038124306
1284 509.1874878424531
1286 526.7257025989679
1288 535.2874110465209
1290 511.48931304272355
1292 540.6591364584692
1294 508.05238193674
1296 538.8182352179704
1298 521.9477703578822
1300 545.32223067596
1302 545.4015275989203
1304 524.1840311661614
1306 524.6417668140193
1308 529.6047787495462
1310 540.7646266936235
1312 534.7483848886326
1314 531.8017342738232
1316 548.1839958007416
1318 557.4836425227865
1320 556.3035979288748
1322 557.2405969480684
1324 538.07139634543
1326 535.4414049968279
1328 556.2186758184582
1330 541.7871513543606
1332 541.2751682103283
1334 542.2873107596064
1336 547.225141082169
1338 554.4747675664569
1340 574.7268799062057
1342 579.211667304371
1344 564.9360775328106
1346 550.0627198683746
1348 569.5890687936078
1350 584.7365640265483
1352 559.2867879456586
1354 561.182894337794
1356 558.3491323737308
1358 589.2068634875607
1360 573.3799992036185
1362 563.448246654508
1364 595.7770240931601
1366 585.4366767745215
1368 566.7211096340208
1370 594.3202587606686
1372 576.474766520494
1374 585.5647882483322
1376 578.0937762927911
1378 592.1670281740417
1380 589.7823216988444
1382 606.5073564890085
1384 589.6736672468
1386 608.4186068186928
1388 600.2131444096872
1390 606.5619057468232
1392 593.1765095563749
1394 602.2062126263622
1396 622.7855978816165
1398 620.6882449363803
1400 612.7031625150858
1402 598.5032203105944
1404 626.264718466551
1406 604.8535976948422
1408 597.3139630555377
1410 613.1335549176312
1412 638.5038018520862
1414 604.5515143430932
1416 631.9849655711114
1418 618.1697834633353
1420 611.8673009502123
1422 645.3783011136677
1424 626.5433708097036
1426 650.001554648959
1428 639.8384861601843
1430 625.3711286261448
1432 627.735166205976
1434 650.2056428013709
1436 650.0198628182706
1438 636.8159227243207
1440 660.0720609558799
1442 659.4635234778112
1444 650.8671322286991
1446 667.4556346552159
1448 640.3155609317372
1450 660.2143457040356
1452 647.5089186035998
1454 666.8623838617842
1456 673.7750042110086
1458 674.8245110584094
1460 664.6149909798468
1462 653.3599403431259
1464 681.7535498561274
1466 679.5975794352828
1468 684.4629546836744
1470 687.9271371665144
1472 684.4781499513246
1474 655.6014146856802
1476 693.713016514195
1478 671.090296190576
1480 672.8435630182747
1482 688.1825176202611
1484 666.7937227855599
1486 701.0186981597055
1488 702.2055185237718
1490 675.5946063795268
1492 677.0618936376477
1494 694.7781833049443
1496 690.2625557776562
1498 698.2219835366691
