200 49.90843041764852
202 17.153612634252756
204 27.009628810345504
206 35.876464763991265
208 15.933065649753463
210 34.87468011614094
212 54.7084215981045
214 43.7258488030439
216 52.20851876149118
218 30.048501180857528
220 40.738513656545564
222 20.944151026517318
224 33.2109816056696
226 32.024802154247325
228 49.23073143106876
230 42.530081288399025
232 35.982411073466494
234 27.740434642961098
236 46.82659375730338
238 41.15345796250611
240 30.98105156291938
242 51.62520598139568
244 36.57380907193834
246 23.297200020341783
248 21.62185625866369
250 34.72112518663893
252 34.73404012328788
254 39.402181544602286
256 31.69879433919131
258 46.52631686149395
260 36.76677971256983
262 38.6469090799429
264 31.550935991364256
266 28.133381830693526
268 58.803509706705846
270 56.62249457231158
272 60.7421494195006
274 30.84458746513444
276 28.71473138582428
278 61.9615447094275
280 44.00591961015125
282 42.54506411961123
284 51.873620713478545
286 30.842751233845654
288 61.435681893940924
290 60.80784429831975
292 42.433281695261215
294 61.06117919827298
296 51.32453296804651
298 54.51394253110982
300 48.27841513749756
302 37.432226164709334
304 46.03516271804546
306 34.86732884167647
308 62.7752140694966
310 64.14253954380963
312 34.61375783923666
314 59.04082542144235
316 65.20519804409018
318 56.05748578186144
320 48.32753390326685
322 56.25848900045271
324 37.54661685553951
326 42.2696367739463
328 68.65747042287224
330 67.95197301674725
332 74.88189623461898
334 39.940497194734206
336 64.22739447802219
338 63.97394649181402
340 60.81227069657533
342 70.28859805688239
344 61.854798115148725
346 66.20900343945085
348 74.52855678162773
350 80.61718277631431
352 65.02616928187808
354 48.21886302096114
356 50.46631895807155
358 45.37734448436371
360 58.87316575340145
362 77.67802061093349
364 49.97411499841081
366 63.954660557116924
368 78.03958604126534
370 52.964326156224104
372 70.62739081733814
374 49.79324786804501
376 48.676748431632944
378 49.14508530644447
380 51.18850094083084
382 51.631623748259436
384 66.53978476424338
386 87.74051096013753
388 79.9967555257042
390 73.49574711628497
392 66.83209919038643
394 91.83676801524946
396 54.534119529775964
398 86.45597885011202
400 60.13564128225886
402 84.0812671379797
404 62.39158326349708
406 72.36945248481553
408 86.83850779305646
410 97.15882420080807
412 65.14043558462814
414 77.90918252614264
416 83.35697104628518
418 78.42176798610619
420 63.15466239614548
422 65.4265660552465
424 98.09457056511312
426 102.23990015411528
428 81.50081687482742
430 99.96056669221758
432 97.3325914971494
434 89.42735340167273
436 71.52711002425904
438 82.34176680597515
440 70.15455741678028
442 95.06706387121129
444 72.25076838380868
446 95.26136039042774
448 98.53275086664743
450 104.23924875075552
452 80.00939392739124
454 109.24023317438309
456 108.6548292020031
458 97.47841652669666
460 75.07010654538651
462 101.76822218021618
464 88.29460601698402
466 83.89203100713965
468 96.21603493986285
470 117.3188616298644
472 92.51046553507456
474 93.21685745785484
476 101.9806729025176
478 109.84514624236061
480 120.43791490458807
482 86.71993886960779
484 88.78326212471659
486 93.51230725093986
488 95.14561944263122
490 123.00193360805625
492 94.24296890189308
494 106.24385879124047
496 119.24962653297536
498 125.78608926884479
500 94.43447383136734
502 125.10650039239933
504 127.3625312659303
506 129.70342904216605
508 98.70155873776105
510 129.37803613335794
512 137.41907532447868
514 127.153009208078
516 104.56539728019635
518 132.63055283565205
520 104.74214952085323
522 129.3768460287116
524 125.40075212442794
526 134.5727226605579
528 115.02100181281429
530 126.46199011809819
532 140.212401763079
534 116.46227707808093
536 145.2557525847678
538 136.18429205072567
540 128.7713325566231
542 125.21434055173401
544 139.88352722317887
546 156.62929886072496
548 150.87669398044366
550 148.0558349827661
552 156.61185218056522
554 141.2630165558845
556 132.42305846289804
558 171.68422094797603
560 138.3078711573207
562 140.51491860137298
564 171.0412802244756
566 169.9077353598492
568 158.20419331230204
570 161.57265410321418
572 157.95991553579066
574 166.86890051626244
576 182.42286075073042
578 162.7977493838702
580 196.16290349571986
582 162.09008703023292
584 192.97768348087942
586 194.87917023175947
588 200.92326376559356
590 194.97891540170656
592 202.50806668103715
594 205.9861675699613
596 212.66122558532865
598 224.37939549809482
600 207.31392088821417
602 203.9610308145108
604 225.96931108277224
606 217.17219325158857
608 226.93198741412584
610 242.34354338434906
612 218.94188316244725
614 259.767933457654
616 255.8669737766259
618 270.17842955691606
620 267.38402892105915
622 270.6127638516686
624 267.57136474503056
626 274.07408352167903
628 266.0984662972999
630 298.89933491534185
632 303.31324761081964
634 282.73923127056094
636 276.4358754993488
638 309.34048592400455
640 308.1280773776746
642 308.09873822984827
644 316.728701947438
646 308.1437456075736
648 319.3418592427733
650 298.76386222927243
652 331.9560407800577
654 309.67291014871194
656 325.5294006249812
658 330.09865642135844
660 303.78845209350015
662 320.12702115318154
664 301.13116121975696
666 293.51907832654206
668 289.520563767936
670 287.94639994098384
672 306.1922556375256
674 313.0106422825251
676 293.3309566712379
678 276.3258786027579
680 299.7985404389848
682 293.49538819853353
684 295.3807347093556
686 286.2665260629991
688 272.240880628392
690 292.99958487819515
692 271.4545593163648
694 287.9962612424392
696 281.1694758428099
698 271.1712706410282
700 274.45735227826333
702 257.6638786112629
704 265.82577630917245
706 280.16872045428823
708 263.04147154764536
710 252.67836160833707
712 250.3382367476903
714 276.6507854078416
716 249.68224419158435
718 271.3875771717285
720 267.3686797426718
722 287.75312051481455
724 300.84376051537674
726 311.39202558703005
728 299.4113302230717
730 325.3745446790176
732 306.8248041281133
734 346.7842333650727
736 348.91362460083775
738 382.54277194946457
740 411.6880461123913
742 467.4208809913084
744 509.4827305681715
746 584.5612482715219
748 646.9124403746241
750 701.7858699519597
752 743.0095273840426
754 704.0833545823152
756 675.0597131081046
758 621.0171752862276
760 547.845770787311
762 482.01163325183035
764 422.515007987122
766 416.9574888795799
768 383.0628332352071
770 359.91429046239506
772 345.7039057202113
774 297.09019559073363
776 287.28778284073036
778 291.33841860265295
780 274.7419834749344
782 282.63581513290904
784 267.96641669981454
786 278.3090118946574
788 285.41439014429255
790 249.467000487524
792 258.0591776946852
794 240.20806689789723
796 256.20748159529546
798 274.1206862305219
800 274.188872613151
802 263.78045587869724
804 254.19127592635724
806 238.75558081264975
808 251.26113807028327
810 250.59889185092422
812 255.52549544159575
814 270.3797418630378
816 257.35660018547804
818 240.32287693378737
820 256.0200725599334
822 245.4837585978213
824 268.74967146326026
826 256.929389504402
828 264.4070666534938
830 244.74464670837773
832 241.39590761507588
834 249.32615723343864
836 239.67005194888375
838 264.37757221983776
840 277.9465257331816
842 243.29377931481127
844 246.54353411930856
846 277.7572256386451
848 261.34749344742136
850 283.6380485858716
852 261.05026888022905
854 270.3325241749546
856 252.7526381762592
858 289.4002735506168
860 281.4951984313728
862 261.55962497060705
864 271.5683395419028
866 260.45718055699564
868 291.3835220708939
870 295.0477723705602
872 296.95632850756726
874 276.5894214219159
876 309.73941469493764
878 300.129535880342
880 305.4772389134156
882 311.81448968179006
884 286.08386230727353
886 312.73083805762894
888 313.79338111444133
890 298.9249660679578
892 295.4220344406699
894 327.68938701707515
896 304.35491003861506
898 336.011323569108
900 345.9710774276596
902 336.87684708142956
904 361.2601714430265
906 345.2984388957159
908 374.44820890577165
910 371.60490883180336
912 372.29435724138017
914 398.0229249536781
916 383.69117251801947
918 432.5112119204524
920 431.40590284615837
922 447.97823082819536
924 473.35004659867803
926 466.69023197276454
928 503.5794590792945
930 525.1649578737577
932 567.8299907646655
934 567.2531305491862
936 585.5112573371102
938 615.9579309124497
940 649.1543125283595
942 649.7595506452589
944 684.6439147546293
946 649.4812475780926
948 677.6283447067069
950 648.4611961685767
952 625.8481236397108
954 617.9104001395174
956 573.6094283032639
958 546.0149299909746
960 542.3782134965487
962 532.6436500423456
964 486.0351485777867
966 487.4144860471734
968 468.72320638998576
970 463.17730296504493
972 422.41898083236174
974 427.9452184628608
976 402.4251512975263
978 404.1308695188931
980 411.53295859556266
982 404.52798783043045
984 399.7334283320908
986 404.31797991298276
988 377.4086666610879
990 389.8569590331249
992 379.32525865400873
994 363.25189814434265
996 371.4354493250737
998 381.90706591695005
1000 373.18406568093235
1002 378.4989664621777
1004 375.47837107199086
1006 364.44938540058354
1008 355.93534607564067
1010 359.20373191344487
1012 347.3505295956618
1014 345.5171778846254
1016 373.03047311498847
1018 351.3234921606436
1020 379.79151198551006
1022 364.3524046011705
1024 355.731449059622
1026 371.59892036974423
1028 358.65506291453556
1030 372.6880758452417
1032 376.9152753360271
1034 367.8540963757651
1036 347.2379449184485
1038 363.7815491874372
1040 362.04503857209
1042 381.63429789074394
1044 369.8470177814597
1046 359.149323702802
1048 373.1347780864573
1050 355.0872965651223
1052 382.1761092793874
1054 353.8847589584833
1056 352.5853787530659
1058 360.6496343164715
1060 364.63741153626233
1062 362.97316494480697
1064 365.25723059486944
1066 363.54295112130836
1068 373.2225961950889
1070 361.83894206863687
1072 370.02228281750456
1074 384.542092156496
1076 386.46345113904283
1078 369.71120697199837
1080 399.94735477114244
1082 373.0849751139835
1084 373.9855176842378
1086 366.31105772377526
1088 376.5757500287486
1090 369.94582371346814
1092 382.2740319084025
1094 399.45141222711595
1096 392.4132316387209
1098 376.26217179896764
1100 406.3814147343723
1102 403.66009121393125
1104 389.56875959699056
1106 381.6037256789184
1108 386.99920703838933
1110 394.51312607846126
1112 384.8314080830224
1114 417.2400727035205
1116 417.7350669727477
1118 418.3882412434065
1120 399.21506643296107
1122 416.42348722095664
1124 387.73362410319817
1126 408.9015721237158
1128 400.8399385096258
1130 397.85970667297426
1132 392.8232075665901
1134 399.51903907681236
1136 421.7378454894783
1138 422.80431816649525
1140 430.69770199074736
1142 405.7223554385864
1144 417.61478846373564
1146 417.9281027231072
1148 419.9695997210364
1150 410.5879273559951
1152 407.6819096560018
1154 433.6641430242112
1156 441.8129864642004
1158 432.1254233101645
1160 442.2775463179425
1162 411.463038450633
1164 429.6484929439176
1166 432.302203690825
1168 429.15627295804313
1170 446.6066310029192
1172 426.2834995921141
1174 437.5833115665299
1176 449.5289842322684
1178 433.0212109588002
1180 435.74146052480967
1182 455.192877309516
1184 445.80716236000626
1186 457.5492543320867
1188 453.60450337836755
1190 446.7728086042658
1192 464.9890966805636
1194 467.604821620791
1196 458.4587012064128
1198 451.15374310259176
1200 441.79405320851475
1202 449.3337647447646
1204 474.1360223422031
1206 453.4754515541147
1208 461.65756784066986
1210 465.0016542053911
1212 465.7720132295082
1214 478.3789578512199
1216 457.2129353730844
1218 484.17503783738994
1220 470.46695254428835
1222 467.94579684749374
1224 472.8881511410765
1226 465.1628213159836
1228 492.95342857964164
1230 492.4019223233876
1232 470.7969609237734
1234 473.42807308333494
1236 478.8240645324377
1238 476.5336840036487
1240 472.24565341748666
1242 498.13273736842757
1244 486.7223655347279
1246 507.18114651717997
1248 502.0807793466473
1250 500.2740789198815
1252 503.0845941216952
1254 489.70862866501074
1256 490.77858717346743
1258 502.37279238046483
1260 503.15192900259876
1262 495.08959298991135
1264 514.9603861490599
1266 496.9344909254669
1268 500.3299907087154
1270 526.1143613405643
1272 502.3288725354875
1274 508.6350289652534
1276 504.8927468086258
1278 498.92513115832134
1280 513.802265490785
1282 514.852294229257
1284 507.70103614447385
1286 525.2682470051363
1288 533.8582141905492
1290 510.0876610301933
1292 539.2843379665461
1294 506.7037673542905
1296 537.4951558240067
1298 520.64959753638
1300 544.0483551652067
1302 544.1513587736562
1304 522.9569963508746
1306 523.4373106258479
1308 528.4223624693257
1310 539.6037276637007
1312 533.608495936143
1314 530.6823631581981
1316 547.0846646842816
1318 556.403887463198
1320 555.2429683927271
1322 556.1986553441853
1324 537.047717577279
1326 534.4355760330235
1328 555.2302952805398
1330 540.8158291210493
1332 540.3205250375088
1334 541.3489779153192
1336 546.3027599959329
1338 553.5679894922798
1340 573.8353655986706
1342 578.3350867072162
1344 564.074109479454
1346 549.2150517938561
1348 568.7553964574521
1350 583.9165912460741
1352 558.4802263392838
1354 560.3894630779071
1356 557.5685579487211
1358 588.438879472618
1360 572.6243460399338
1362 562.7046714365204
1364 595.0452803635159
1366 584.7165243264254
1368 566.012314320673
1370 593.6225923114984
1372 575.7880063639102
1374 584.8887173407287
1376 577.4281829535522
1378 591.5117059263079
1380 589.1370691158071
1382 605.8719770455152
1384 589.0479691760586
1386 607.8024029738752
1388 599.6062521302408
1390 605.9641467293047
1392 592.587709729635
1394 601.6262020309096
1396 622.2142105530031
1398 620.1253187924549
1400 612.1485392469662
1402 597.9567452772208
1404 625.7262405926842
1406 604.3229693723786
1408 596.7910400480167
1410 612.6181962678179
1412 637.9958697925148
1414 604.0508742094635
1416 631.4914857184341
1418 617.6833351847253
1420 611.3877583982354
1422 644.9055412241481
1424 626.0772732279046
1426 649.5420016580515
1428 639.3853626119222
1430 624.9243218736707
1432 627.2945660386792
1434 649.7711413817295
1436 649.591354620606
1438 636.393304475399
1440 659.6552315772968
1442 659.0523840300986
1444 650.4615858570945
1446 667.0555865370387
1448 639.9209182253163
1450 659.8250174991365
1452 647.1248158733013
1454 666.4834194157552
1456 673.4010926501388
1458 674.4555687307493
1460 664.2509359378139
1462 653.0006923019339
1464 681.3990301534005
1466 679.2477109918149
1468 684.1176619652973
1470 687.5863461470377
1472 684.1417880765139
1474 655.2694108382398
1476 693.3853009797238
1478 670.7668006244639
1480 672.5242204135125
1482 687.8672622761317
1484 666.4824902771866
1486 700.7114253084279
1488 701.9021433683247
1490 675.2950681479973
1492 676.7661327201863
1494 694.4861412272063
1496 689.9741751749518
1498 697.9372081288002
