200 49.616834177326325
202 16.859283069769635
204 26.712528810788854
206 35.57655655731409
208 15.630310788159468
210 34.56903946108316
212 54.39985530488569
214 43.4143163050062
216 51.89397875378241
218 29.73091160376088
220 40.41783167835897
222 20.620333025968385
224 32.88398315385137
226 31.694577996059692
228 48.89723546614983
230 42.193266551529945
232 35.64222971443297
234 27.39683790585395
236 46.47953195923998
238 40.802880471753824
240 30.626906776401437
242 51.267441301559145
244 36.21237088296311
246 22.93203366366881
248 21.252906007819654
250 34.34833422133385
252 34.35735050276119
254 39.021534180192006
256 31.314128966099908
258 46.137572009723485
260 36.37389267699799
262 38.24981588951022
264 31.149571377341946
266 27.727679193999798
268 58.39340108423763
270 56.20791060225706
272 60.323019305596574
274 30.420838939831242
276 28.28629067231933
278 61.528336482526996
280 43.56786695591795
282 42.102088493754415
284 51.42564189844063
286 30.389687294537822
288 60.97744913207826
290 60.3443572053044
292 41.964452903559746
294 60.58691943123198
296 50.84475098808795
298 54.02854508624542
300 47.787306906098635
302 36.93530969846581
304 45.532338383045165
306 34.35849475753241
308 62.26026604644717
310 63.62137101771305
312 34.086259804377775
314 58.50688636106605
316 64.66470385857203
318 55.510319714421954
320 47.77357646313188
322 55.69761788335765
324 36.97870686147068
326 41.694559722007746
328 68.07509506316133
330 67.36216493911665
332 74.28451777419735
334 39.33540733407163
336 63.61444874572014
338 63.35299685749334
340 60.18316546202821
342 69.65118174324746
344 61.20891134594038
346 65.55448281926581
348 73.8652347703433
350 79.94488755858387
352 64.34472463171942
354 47.52808816122351
356 49.76602841455676
358 44.667347934364855
360 58.15326786841161
362 76.94802089326387
364 49.23380761144483
366 63.20383414891242
368 77.27802356120284
370 52.19180466438307
372 69.84368128626679
374 48.99811497657196
376 47.86995035035019
378 48.326373474472014
380 50.357619833452375
382 50.788310634996634
384 65.68376945691317
386 86.87151555041217
388 79.1144941116678
390 72.59992551745256
392 65.92241465062241
394 90.91290889299103
396 53.59576497493415
398 85.50279846698814
400 59.167294777776654
402 83.0974039544941
404 61.39184219539867
406 71.35346127810473
408 85.80588272701459
410 96.10916965084144
412 64.07334356530794
414 76.8242322134062
416 82.25372827770335
418 77.29978473805676
420 62.01347623666376
422 64.2656995712505
424 96.91353076262261
426 101.03817783000045
428 80.27788595853377
430 98.71588355581889
432 96.06559423197919
434 88.13746105967643
436 70.21372182209393
438 81.00426128976154
440 68.79229158527615
442 93.67937225504156
444 70.83696207823058
446 93.82072603895256
448 97.06454959266782
450 102.74271503414363
452 78.48373442283689
454 107.6846254680311
456 107.06842050272465
458 95.86032228808895
460 73.4194090143384
462 100.08396886760202
464 86.575808085754
466 82.13766157275997
468 94.42502727772188
470 115.49010728390077
472 90.64281232149716
474 91.30910735741219
476 100.0315798343327
478 107.85341371187556
480 118.4021935176583
482 84.63882370424712
484 86.65528995141847
486 91.33595359188632
488 92.91929545944566
490 120.72398280705835
492 91.91166364507052
494 103.85739660036202
496 116.80612617343019
498 123.28358659890245
500 91.87091740161061
502 122.47974677908634
504 124.67034012099322
506 126.94345784145094
508 95.87135720795905
510 126.47504033687306
512 134.44060138022738
514 124.09624662492439
516 101.42740187840428
518 129.40823923038988
520 101.43228314043498
522 125.97603463891843
524 121.90543682894666
526 130.9791683463348
528 111.32528700798528
530 122.65999622917218
532 136.2998016572767
534 112.43452297624145
536 141.1080632301185
538 131.9116391191784
540 124.36842627524538
542 120.67561449381157
544 135.20312225103254
546 151.80104619141207
548 145.8940973549481
550 142.91205192660846
552 151.29967435336246
554 135.77484919974873
556 126.75089897527758
558 165.81963662430636
560 132.24197617349108
562 134.23835033649328
564 164.5441750618775
566 163.17970414998572
568 151.23429673673212
570 154.3493782458965
572 150.47114804841357
574 159.10190786047778
576 174.36426711431483
578 154.43351800256636
580 187.47832127045993
582 153.0697535132619
584 183.60550551643075
586 185.13836377939188
588 190.79636470827538
590 184.44780144610849
592 191.55399279216175
594 194.5898177412282
596 200.80278411961197
598 212.03864135070586
600 194.47034897823534
602 190.59400451627153
604 212.05825032402834
606 202.69680271611782
608 211.8725292072321
610 226.68115808931452
612 202.65896240061926
614 242.8485457620111
616 238.2973436943173
618 251.9474673171951
620 248.48390467659414
622 251.0395164109368
624 247.3255299295219
626 253.1613219833044
628 244.53016513692228
630 276.69315222680274
632 280.4935647626748
634 259.3374750744576
636 252.4906721886701
638 284.8976117984867
640 283.24017756228625
642 282.8247953791705
644 291.13325052392696
646 282.29584362411225
648 293.3138466000116
650 272.6299511294692
652 305.7907971819727
654 283.54969408244824
656 299.5188361947145
658 304.26719905011294
660 278.19711143570896
662 294.83028432476516
664 276.17614432120615
666 268.9449166292578
668 265.3580342503613
670 264.21775556824355
672 282.91123980424345
674 290.1826445326027
676 270.9532670069558
678 254.38799685231726
680 278.2824984916125
682 272.37604557848374
684 274.6260111062338
686 265.8375373161147
688 252.091946640412
690 273.07807847343827
692 251.70056369241098
694 268.34199993161815
696 261.53847248532225
698 251.4771857152646
700 254.60242933512313
702 237.53691224546765
704 245.2994862559894
706 259.0963782271229
708 241.2525742120879
710 229.97307629373472
712 226.48024168608782
714 251.3579976921755
716 222.61473532874822
718 242.13171241714667
720 235.41614446196957
722 252.47297281907294
724 261.44491712576234
726 266.8725808261061
728 248.48977156110595
730 266.39628904381277
732 237.63584117332138
734 264.5631214996552
736 249.9568187865732
738 262.0145550718914
740 263.3950037002872
742 283.7937084192019
744 282.2118373350135
746 306.75708638472616
748 317.8824107651335
750 334.1487532380788
752 367.4167922384198
754 363.68449584185544
756 410.37115276575804
758 458.3690747182861
760 499.17940265236393
762 549.9598426207413
764 602.5125510086189
766 693.894795230061
768 726.6120644509834
770 727.4124293824118
772 695.9020030149499
774 603.8205557286626
776 541.917679671819
778 496.70722124500355
780 438.4100394726585
782 412.8366504227905
784 371.93310171778654
786 361.86521999001985
788 353.0728575550176
790 304.6716490210277
792 303.4291638040074
794 277.7408222112883
796 287.4355231831588
798 300.2288731352975
800 296.1009497363418
802 282.2227287833505
804 269.73956387121234
806 251.87001967988041
808 262.312153603261
810 259.8867317518408
812 263.29503498376755
814 276.83179663123644
816 262.6566376466403
818 244.60777535385546
820 259.4034021883021
822 248.05993545647414
824 270.59724409056474
826 258.11365354723006
828 264.98215423614175
830 244.7552020920087
832 240.87843431202532
834 248.31010198367474
836 238.17867603474335
838 262.4286492192972
840 275.5528960708266
842 240.46378519132597
844 243.28135309023082
846 274.0631169043737
848 257.21796753411695
850 279.0659683328071
852 256.02488734363794
854 264.8394630870189
856 246.77380886153531
858 282.91374062003416
860 274.47498507768717
862 253.97545721890629
864 263.3853253093848
866 251.63541779475196
868 281.87762854342105
870 284.80632772020226
872 285.9212170905488
874 264.69506192319426
876 296.91185965602574
878 286.2854209236749
880 290.52255752532096
882 295.6431648214153
884 268.57608073276197
886 293.75110699604386
888 293.18825965468716
890 276.52041536937907
892 271.0203215440325
894 301.065466882863
896 275.25219983741044
898 304.13677306003143
900 310.98943105185253
902 298.4039899097325
904 318.8554569772053
906 298.4559195467027
908 322.58674204495645
910 314.0572120820744
912 308.29526633749487
914 326.6974118378092
916 304.0431776086739
918 343.4151270730481
920 331.6037333123231
922 336.0872047305058
924 347.88783912773124
926 326.12799546071403
928 346.4360878827074
930 350.1582763970862
932 374.09933377100856
934 354.6589599007676
936 354.9960720546991
938 369.9163847417948
940 391.71604450796207
942 386.8584927072556
944 423.7672461494566
946 399.08097667747666
948 446.31246133208754
950 444.1832936718604
952 455.31325993789267
954 486.3105935237841
956 484.6653621392553
958 502.2071655539711
960 545.2278848870535
962 582.9288070540103
964 583.872203295768
966 632.1757446397812
968 658.7999212325714
970 695.6405111974518
972 692.6810704010716
974 729.5709539631891
976 727.2486760492454
978 742.7682497347839
980 754.2373922916164
982 742.1809250161269
984 724.6969351570403
986 710.9396347484605
988 662.1219317725673
990 650.959728158695
992 616.5830447251501
994 577.4610199855908
996 564.0334904391939
998 554.6684153813854
1000 528.0043510548869
1002 517.2551294730799
1004 499.94595112999923
1006 476.2596680173818
1008 456.5585123931665
1010 449.94792180145896
1012 429.3699346587166
1014 419.82469720390264
1016 440.51216276506966
1018 412.75317628937324
1020 435.8446558823641
1022 415.61880664955004
1024 402.72658294493027
1026 414.77391682062955
1028 398.4054053558458
1030 409.36112513699675
1032 410.81675342876713
1034 399.2536585906129
1036 376.3739626303576
1038 390.86521313333924
1040 387.2638802564237
1042 405.1552139757019
1044 391.81887063063357
1046 379.70518070858895
1048 392.39384314358466
1050 373.1565790218786
1052 399.15186880925165
1054 369.8537589259751
1056 367.6259756709133
1058 374.83272678376034
1060 378.0272684967174
1062 375.62815011105704
1064 377.2304373617185
1066 374.88276016423384
1068 383.97316615610816
1070 372.0406422168528
1072 379.7120752910876
1074 393.75387030887595
1076 395.228339593116
1078 378.057828205829
1080 407.9020663949141
1082 380.6720814324253
1084 381.22745865602025
1086 373.2285780165711
1088 383.18805051500385
1090 376.27069744839804
1092 388.3279863707296
1094 405.24977937823496
1096 397.97026716194154
1098 381.5911447127307
1100 411.4946884280385
1102 408.56919682867743
1104 394.2844625647777
1106 386.13608613709795
1108 391.35763475431764
1110 398.706430445811
1112 388.8678436878869
1114 421.1273809026707
1116 421.4805138774785
1118 421.9986524593982
1120 402.6968588687092
1122 419.7826982439298
1124 390.97593829339
1126 412.03234584817864
1128 403.8642225184724
1130 400.78226689685135
1132 395.6485442774355
1134 402.2514045575306
1136 424.38126034376666
1138 425.3625863872116
1140 433.17442489374673
1142 408.12094455871
1144 419.93847750046797
1146 420.1799586152031
1148 422.1525329220541
1150 412.7047013760558
1152 409.73514992915005
1154 435.65634515539784
1156 443.7465239050888
1158 434.0025545086133
1160 444.10042138208973
1162 413.2337053649619
1164 431.3689033714716
1166 433.9742183928361
1168 430.78166685960076
1170 448.1870979309192
1172 427.82065670955535
1174 439.07870352525435
1176 450.98408706444496
1178 434.43743572582065
1180 437.12015674077225
1182 456.53533615511816
1184 447.1146197014239
1186 458.82289355828846
1188 454.84545806927326
1190 447.9821650412134
1192 466.1678962096784
1194 468.7540628790567
1196 459.5793422195145
1198 452.2467032629303
1200 442.8602151411772
1202 450.3739760686701
1204 475.15109733312306
1206 454.4661727157875
1208 462.6246873897893
1210 465.9458954758412
1212 466.6940720008421
1214 479.27950360603427
1216 458.09261248762147
1218 485.0344667094041
1220 471.30673066194
1222 468.7664998027821
1224 473.6903335910877
1226 465.94701789501414
1228 493.7201547650563
1230 493.1516752578851
1232 471.53022019655896
1234 474.1453014725401
1236 479.5257087109762
1238 477.22017521056125
1240 472.9174080966966
1242 498.7901577767101
1244 487.36584032058323
1246 507.81105127219877
1248 502.6974771308562
1250 500.87792076246967
1252 503.67591949843654
1254 490.287765953618
1256 491.34585408804105
1258 502.9284963861305
1260 503.69636771136425
1262 495.62305453871187
1264 515.4831495609059
1266 497.446826454556
1268 500.8321601703195
1270 526.6066184264588
1272 502.81146311564424
1274 509.1081913764804
1276 505.3567121307976
1278 499.38012347880795
1280 514.2485021576556
1282 515.2899860938012
1284 508.13038779355384
1286 525.6894569838589
1288 534.2714752157148
1290 510.49316019495893
1292 539.6822569367162
1294 507.0942825566242
1296 537.878438626913
1298 521.0258144233521
1300 544.4176679013283
1302 544.5139245654952
1304 523.3129680000645
1306 523.7868366766397
1308 528.7655873503829
1310 539.9407918243918
1312 533.9395359775752
1314 531.0075119592256
1316 547.4040515227056
1318 556.7176381323702
1320 555.5512053137551
1322 556.5014976739278
1324 537.3452813123132
1326 534.7279741097549
1328 555.5176376716172
1330 541.0982229282428
1332 540.5980745811964
1334 541.621784820725
1336 546.5709232762512
1338 553.8316056288126
1340 574.0945286181014
1342 578.5898882561389
1344 564.3246388962639
1346 549.4613961781137
1348 568.997640736819
1350 584.1548182409189
1352 558.7145168250489
1354 560.619895845328
1356 557.7952098619792
1358 588.6618255255108
1360 572.8436594101372
1362 562.9204235380191
1364 595.2575408972714
1366 584.9253613293488
1368 566.2177942129689
1370 593.8247799424398
1372 575.986965056106
1374 585.084508932938
1376 577.6208678421017
1378 591.7013431051637
1380 589.3237162153512
1382 606.0556903700731
1384 589.2288037402266
1386 607.9804125376883
1388 599.781489233225
1390 606.136662723455
1392 592.7575548113546
1394 601.7934252719514
1396 622.3788599304469
1398 620.2874412177541
1400 612.3081805940996
1402 598.1139504099776
1404 625.8810533911156
1406 604.475432758443
1408 596.941196010448
1410 612.7660858862422
1412 638.1415332608434
1414 604.1943508585853
1416 631.6328140382318
1418 617.822552845439
1420 611.5249022711952
1422 645.0406474018966
1424 626.2103770437305
1426 649.6731377049539
1428 639.5145647610235
1430 625.0516232920977
1432 627.4199992069299
1434 649.8947381105409
1436 649.7131460673409
1438 636.5133211599673
1440 659.7735033976254
1442 659.1689402771648
1444 650.5764552295385
1446 667.1687971553657
1448 640.0324976457043
1450 659.9349927268609
1452 647.2332133757876
1454 666.5902651352736
1456 673.5064120161503
1458 674.5593866719146
1460 664.3532768936758
1462 653.1015802342839
1464 681.4984885573375
1466 679.3457629065078
1468 684.2143299844588
1470 687.6816524291188
1472 684.2357543546279
1474 655.3620584298238
1476 693.4766507959447
1478 670.8568731793783
1480 672.6130358329859
1482 687.9548403065266
1484 666.5688502938236
1486 700.7965863238288
1488 701.9861240402429
1490 675.377886787242
1492 676.8478072982463
1494 694.5666893836799
1496 690.0536142247876
1498 698.015555069355
