200 50.07986620786572
202 17.326641556979595
204 27.184272451769445
206 36.05274509496135
208 16.11100503429161
210 35.05430132017841
212 54.88974779845073
214 43.908903596594584
216 52.39332617468328
218 30.23508567937884
220 40.92690015530677
222 21.13436489989488
224 33.403048698028
226 32.21874879074955
228 49.426584428784274
230 42.727867967718616
232 36.18215926983409
234 27.942172718932564
236 47.03035061494313
238 41.3592630561324
240 31.188934912209767
242 51.835198184864495
244 36.785941320798486
246 23.51150411276358
248 21.83836461444404
250 34.93987086229458
252 34.955056827587
254 39.62550365454921
256 31.924456916479876
258 46.754355669445346
260 36.99723123357168
262 38.879810533406726
264 31.786325352219375
266 28.371297848435947
268 59.04399192502164
270 56.86558334929484
272 60.98788594848695
274 31.093013796171974
276 28.9658904478046
278 62.215480332900455
280 44.26267655084797
282 42.8046880827011
284 52.13615837858673
286 31.10825028085892
288 61.70419102963068
290 61.079413283812414
292 42.70796137438735
294 61.339021526827835
296 51.60559104399606
298 54.79827062577792
300 48.56606872777128
302 37.723261966301074
304 46.329638719852255
306 35.16530434127857
308 63.07674970983929
310 64.4476973511141
312 34.92260126218788
314 59.35341937170401
316 65.52160893819881
318 56.377781584554484
320 48.65178417230165
322 56.586764932976095
324 37.87899133607032
326 42.606184424036094
328 68.99826765251245
330 68.29709807759406
332 75.2314292751108
334 40.29452031717968
336 64.58599179774093
338 64.33720419841558
340 61.18027711746624
342 70.66144372309557
344 62.23257582959366
346 66.59180834768803
348 74.91648644527581
350 81.01033724920359
352 65.4246511890697
354 48.62277764075707
356 50.875774307146855
358 45.792451406158946
360 59.29403800992006
362 78.10477497809646
364 50.40687136512848
366 64.3935420282458
368 78.48471904462687
370 53.41584055387104
372 71.08542002126387
374 50.257928960541726
376 49.14822229051474
378 49.62349673536345
380 51.67399880492611
382 52.12436111539161
384 67.03991905208102
386 88.24820408937613
388 80.51217407971367
390 74.01906250749757
392 67.36348783375453
394 92.37641150912042
396 55.082204844550716
398 87.01269852507471
400 60.70119363098637
402 84.65585646276293
404 62.97542007923093
406 72.96275375283976
408 87.44149716545834
410 97.77173227572638
412 65.76350017312996
414 78.54264893127771
416 84.00109235495803
418 79.07680537444429
420 63.820885449081786
422 66.10425310107787
424 98.78400902584205
426 102.94138691243077
428 82.21465865863325
430 100.68708047767183
432 98.07210493123773
434 90.18020524540222
436 72.29365061762557
438 83.12235855593067
440 70.94957530950235
442 95.87689601006011
444 73.07581655444432
446 96.10204065465457
448 99.38949418665277
450 105.11250164551734
452 80.89961916314411
454 110.14791049115475
456 109.5804560783651
458 98.4225089850134
460 76.03319999999697
462 102.75087233114398
464 89.29738979194323
466 84.91554755478853
468 97.26090667745446
470 118.38573534865412
472 93.60001356707073
474 94.3297789077396
476 103.11769494882397
478 111.00702551226767
480 121.62543892699163
482 87.9339276114394
484 90.02456961582081
486 94.78182330317935
488 96.44427146927315
490 124.3306885499022
492 95.60283526705057
494 107.63588881589703
496 120.67491847102866
498 127.24578981876397
500 95.92978070921345
502 126.63866506051713
504 128.932861827439
506 131.3132933120239
508 100.35238750185687
510 131.0713266077904
512 139.15639482791912
514 128.935999060872
516 106.3957769446387
518 134.51012431266156
520 106.67280201907224
522 131.3605609228477
524 127.43960822042746
526 136.66890178593874
528 117.17679475116208
530 128.6798029073223
532 142.4947623774953
534 118.81184251469625
536 147.675316374235
538 138.67679221325204
540 131.33986002257348
542 127.86214806567715
544 142.61403874856617
546 159.4461195001282
548 153.78362042314276
550 151.05686648727038
552 159.71120209413112
554 144.46512436597203
556 135.73260236644572
558 175.1061309129654
560 141.84734243686933
562 144.17742564297686
564 174.83259089536534
566 173.83392538296596
568 162.27166077526616
570 165.78813386384655
572 162.33049330112942
574 171.40202631633082
576 187.12636146217602
578 167.67983988053436
580 201.23219591166452
582 167.35559751422505
584 198.44883569838743
586 200.56579472999147
588 206.83559215831835
590 201.12756815362178
592 208.90403307752032
594 212.640776250058
596 219.58610379900585
598 231.5864150314271
600 214.81512839461806
602 211.76856011382904
604 234.09527486654943
606 225.62855159311982
608 235.730390564635
610 251.49514658901182
612 228.45713170641574
614 269.65631691245693
616 266.1367495218519
618 280.83631715520255
620 278.4348788637873
622 282.05920657577616
624 279.41344860853394
626 286.308913512767
628 278.71985845445005
630 311.8975044785053
632 316.67455144245235
634 296.4459866477698
636 290.46627752641785
638 323.6686441304462
640 322.72418825894727
642 322.9294044813767
644 331.75740115730105
646 323.3314417623698
648 334.6477404306816
650 314.1461784815427
652 347.37300823041187
654 325.08364263585025
656 340.8948282281099
658 345.3823924620161
660 318.9575756168391
662 335.1527501253061
664 315.98940163903285
666 308.190845016933
668 303.9922787434165
670 302.21008307247575
672 320.24562941072486
674 326.8571775462573
676 306.9798895938268
678 289.79223097213827
680 313.10317651395684
682 306.6651421828649
684 308.44864425350727
686 299.2722096944475
688 285.2311013975602
690 306.0290495884024
692 284.5870134466028
694 301.3059553091067
696 294.7431011555444
698 285.1104935270118
700 288.88211920110535
702 272.71672495660073
704 281.6774558028467
706 297.0255900919018
708 281.15523272546204
710 272.35899205070143
712 271.97127807438727
714 300.7206158565431
716 276.80361257421737
718 302.34855116462904
720 303.18928758373187
722 329.7652358061058
724 350.79871681709835
726 371.60155345926995
728 372.920586300344
730 416.14291901534443
732 419.82696097134317
734 487.7928289795601
736 523.4218890557723
738 592.8661445773341
740 651.3314835910394
742 714.0089924486178
744 722.743708233761
746 717.2845049186705
748 665.5107141391163
750 602.1302367085482
752 552.3461650178797
754 468.2283313348571
756 437.62131836192964
758 409.0765227854629
760 371.25676967532877
762 340.0337528231365
764 310.09160722581146
766 328.2440016340893
768 312.8545919634644
770 304.01227336392964
772 300.86214865466144
774 260.8428315798599
776 257.77029447560966
778 267.138079391832
780 254.7823384081716
782 266.09050045787967
784 254.1957857660375
786 266.81371726602015
788 275.8013282579565
790 241.42420530334036
792 251.337189575372
794 234.60600274097453
796 251.56253745077262
798 270.3001633456496
800 271.0840727053299
802 261.3019720557611
804 252.26533409933552
806 237.32117823175028
808 250.26779162511076
810 250.00485657857027
812 255.2963485571192
814 270.48725325646615
816 257.7778293118072
818 241.03945019152619
820 257.0176059145824
822 246.75139829440087
824 270.27973186152053
826 258.71707185248056
828 266.45024635038703
830 247.0437195587897
832 243.95368795077005
834 252.14782271331217
836 242.76313147064866
838 267.7519747691391
840 281.6146092327529
842 247.27045967560758
844 250.84643578747585
846 282.4068760211145
848 266.3675647262581
850 289.05565163772394
852 266.89630534364403
854 276.64210419873
856 259.5655730840078
858 296.76165462297683
860 289.4560752963515
862 270.1777997691746
864 280.9092961705882
866 270.59517195577644
868 302.4028427955901
870 307.0442486258944
872 310.03906345404846
874 290.882839884222
876 325.38565826411525
878 317.29126650522545
880 324.340915793353
882 332.5941894584289
884 309.02571421494264
886 338.1181404720802
888 341.95244831229115
890 330.2317150480007
892 330.30924718695303
894 366.65445147718594
896 347.9676195183556
898 384.92094884127647
900 400.911346441435
902 398.66657626714067
904 430.7959715823085
906 423.5340521011841
908 462.35257946408194
910 470.0882372540698
912 482.0888449684101
914 519.5043695406823
916 516.6321344769278
918 575.770621696561
920 582.5877998720306
922 603.1328012042984
924 626.8301558272763
926 611.2882869690854
928 631.0225543076531
930 626.9387562636343
932 636.1813343693542
934 596.1602503848044
936 571.44135377308
938 558.3147895123525
940 550.3839996116044
942 515.102677179011
944 521.5338910049744
946 466.6403896651731
948 484.00936415906637
950 452.25764635625285
952 433.78400495022237
954 434.91237149193876
956 402.83150510420535
958 389.09818463481616
960 399.81138476311014
962 404.12272974992015
964 370.766270816403
966 384.34209909859663
968 376.6877820996589
970 381.0162423715461
972 349.0259607417132
974 362.30118992331376
976 343.6110976451756
978 351.32948458223956
980 364.0240481680497
982 361.6806769740025
984 360.9970723054309
986 369.2128938422004
988 345.51728896149984
990 360.8157536921532
992 352.81747570338024
994 339.0012048521484
996 349.2003869644741
998 361.4762591159996
1000 354.3721010827193
1002 361.1428570917834
1004 359.4345277417093
1006 349.59102388556585
1008 342.1502670270525
1010 346.39241863501616
1012 335.4245164192874
1014 334.3976487284219
1016 362.6470558297347
1018 341.61321948711674
1020 370.69792441707585
1022 355.8247742522595
1024 347.72410686489667
1026 364.07067166117963
1028 351.5686787178571
1030 366.00984916848546
1032 370.6146333481938
1034 361.9032607413652
1036 341.61163370558074
1038 358.45671473786274
1040 357.0006365409283
1042 376.8510833555205
1044 365.30736490584314
1046 354.8370659366479
1048 369.0350663050468
1050 351.18647290870524
1052 378.4615947592815
1054 350.3449531563794
1056 349.2095701628079
1058 357.42792006824845
1060 361.5606254067542
1062 360.03281269746145
1064 362.44543181560147
1066 360.8523868194024
1068 370.64646152939196
1070 359.3709036373194
1072 367.65644001747967
1074 382.27294217750756
1076 384.2858572087066
1078 367.62036951278077
1080 397.9387851692918
1082 371.15447183456416
1084 372.12914449631893
1086 364.525123826062
1088 374.8567918889949
1090 368.2905884552976
1092 380.6794620970427
1094 397.9146319213318
1096 390.9315335901816
1098 374.8330056926249
1100 405.0023763743719
1102 402.3289125692893
1104 388.2832996298967
1106 380.36196188620795
1108 385.7992276435681
1110 393.35312281777135
1112 383.70966953448885
1114 416.15497811279465
1116 416.6850805339269
1118 417.37190679692515
1120 398.2310025461555
1122 415.4703826200642
1124 386.81023342838495
1126 408.00671198128356
1128 399.9724837978489
1130 397.0185871600956
1132 392.0074047013802
1134 398.72758301379054
1136 420.96981231243075
1138 422.058827295314
1140 429.9739137578736
1142 405.0194688224859
1144 416.9320389678729
1146 417.26476038982855
1148 419.32496727063153
1150 409.96133844198977
1152 407.07272722844715
1154 433.07175779338615
1156 441.23681545773667
1158 431.56490851714904
1160 441.7321534140453
1162 410.9322555987653
1164 429.1318296653407
1166 431.79918980201046
1168 428.66645756893615
1170 446.1295815725782
1172 425.81880103799335
1174 437.13056542394423
1176 449.08780786082815
1178 432.59123679283505
1180 435.32233536500945
1182 454.7842616532143
1184 445.4087297677099
1186 457.1606908280225
1188 453.2255068829695
1190 446.4030883966677
1192 464.6283728892945
1194 467.25282474098947
1196 458.1151716419913
1198 450.81843073188446
1200 441.4667169720385
1202 449.0141722538132
1204 473.82394950707675
1206 453.1706822308652
1208 461.3598934953113
1210 464.7108735945944
1212 465.4879320968586
1214 478.1013886381747
1216 456.94169694382066
1218 483.90995521678377
1220 470.2078566683112
1222 467.69252432535717
1224 472.6405440284955
1226 464.92072689896725
1228 492.71669916825414
1230 492.17041505495735
1232 470.5705375750561
1234 473.2065998911687
1236 478.60741202245094
1238 476.32172682661104
1240 472.03827019291367
1242 497.92981053507333
1244 486.52378120762023
1246 506.9867943508722
1248 501.8905524043787
1250 500.0878735483558
1252 502.9023098312024
1254 489.530168014633
1256 490.6038556611224
1258 502.2016983375556
1260 502.9843834930499
1262 494.9255097133831
1264 514.7996813481437
1266 496.7770832966761
1268 500.1758013170935
1270 525.9633135377442
1272 502.1808918810424
1274 508.49004315118896
1276 504.75068558687053
1278 498.78592627107946
1280 513.6658506036237
1282 514.718604866805
1284 507.5700096286156
1286 525.139822395592
1288 533.7323322277342
1290 509.96426408025957
1292 539.1633699685085
1294 506.5851737691494
1296 537.3788835857805
1298 520.5355950049658
1300 543.9365720809915
1302 544.041746213805
1304 522.8495066872242
1306 523.3318974843389
1308 528.3189806909102
1310 539.5023332666632
1312 533.5090460797765
1314 530.5848161077804
1316 546.9889797772986
1318 556.310025076763
1320 555.1508899121487
1322 556.1083231326365
1324 536.9590949465254
1326 534.3486272151666
1328 555.1449854007363
1330 540.7321241711684
1332 540.2383918506894
1334 541.2683841413933
1336 546.2236740776815
1338 553.490380642488
1340 573.7592037779525
1342 578.2603426025803
1344 564.0007544835792
1346 549.1430579850537
1348 568.684736580287
1350 583.8472386926198
1352 558.4121551309888
1354 560.3226478480492
1356 557.5029739254279
1358 588.3745024624342
1360 572.5611524119122
1362 562.6426381068212
1364 594.984384780494
1366 584.6567444561869
1368 565.9536286330865
1370 593.5649797666435
1372 575.7314463989485
1374 584.83318985718
1376 577.3736683049647
1378 591.4581849063071
1380 589.0845229465101
1382 605.8203873662969
1384 588.99731803266
1386 607.7526728078395
1388 599.5574257686671
1390 605.9162073749093
1392 592.5406409511075
1394 601.5799877535565
1396 622.1688350496673
1398 620.0807666747023
1400 612.1047954565311
1402 597.9137950777003
1404 625.6840695614749
1406 604.2815633928457
1408 596.7503853018894
1410 612.5782792278033
1412 637.9566772151223
1414 604.0123931280347
1416 631.4537034363685
1418 617.6462392688995
1420 611.3513366726061
1422 644.8697817635347
1424 626.0421643519454
1426 649.5075319253281
1428 639.3515208142464
1430 624.891097030529
1432 627.2619473918302
1434 649.7391183899488
1436 649.5599169545748
1438 636.3624420127315
1440 659.6249343977022
1442 659.0226424106727
1444 650.4323902677394
1446 667.0269276360032
1448 639.8927868548566
1450 659.7974046812916
1452 647.09771280578
1454 666.4568174679316
1456 673.3749833591536
1458 674.4299437977119
1460 664.2257872241044
1462 652.9760118256013
1464 681.3748100856533
1466 679.223943653603
1468 684.0943398239814
1470 687.5634618131438
1472 684.1193343005707
1474 655.2473805076972
1476 693.3636871159482
1478 670.7455963798105
1480 672.5034190684701
1482 687.8468572365405
1484 666.4624750715242
1486 700.6917935851636
1488 701.8828888933393
1490 675.2761848020666
1492 676.7476144965264
1494 694.4679822290797
1496 689.9563696133317
1498 697.9197503200917
