200 50.221417789266425
202 17.469503027884734
204 27.32846154437611
206 36.19827985754063
208 16.257903838186774
210 35.202582866988436
212 55.03943112740487
214 44.060008092123944
216 52.545871574195516
218 30.38909208124226
220 41.08238802705051
222 21.291355086631935
224 33.561562431108065
226 32.37880769664913
228 49.58821053824154
230 42.89108372512087
232 36.34698754286599
234 28.10863680849355
236 47.19847426534274
238 41.52907046557266
240 31.36045074356393
242 52.008447576761995
244 36.96094989902619
246 23.68829800199381
248 22.016970450300384
250 35.120315803766694
252 35.13736856980621
254 39.80971044193717
256 32.11058755628286
258 46.94243954566744
260 37.18729832132052
262 39.07189141366596
264 31.98045122706273
266 28.56750055669819
268 59.24230395844241
270 57.066037869152
272 61.1905168027367
274 31.297855537113733
276 29.1729783502893
278 62.42485041310178
280 44.47436558561674
282 43.018733629523894
284 52.352598796170724
286 31.3271247503658
288 61.925539576583375
290 61.30327680069963
292 42.934381643991514
294 61.56804124630368
296 51.837253849727674
298 55.03262111904375
300 48.803152501247524
302 37.96312563143535
304 46.57232993514082
306 35.41087184148175
308 63.32524333617131
310 64.69916808244511
312 35.17710124729776
314 59.61100196262895
316 65.78232872471393
318 56.64169442983746
320 48.91894724982416
322 56.85723676467254
324 38.15283183183504
326 42.88345492260282
328 69.27903096377229
330 68.58141852641076
332 75.51937274669494
334 40.58615430408624
336 64.88138544855751
338 64.63642836821222
340 61.48340442008072
342 70.96854858533166
344 62.543734547413905
346 66.90709914448587
348 75.23598953231675
350 81.33413488832903
352 65.75282775776162
354 48.95541969966682
356 51.21297067019651
358 46.13429321332868
360 59.6406188028411
362 78.45619077857498
364 50.763220756732295
366 64.75492624109235
368 78.85124204351823
370 53.78760912992885
372 71.46254388722578
374 50.64052084988823
376 49.5363980606054
378 50.01737547476999
380 52.07370294516027
382 52.53001654723618
384 67.45165524674353
386 88.66615422469665
388 80.93647517167062
390 74.44985554726897
392 67.80091793060592
394 92.8206280394061
396 55.53336160713047
398 87.47095390346536
400 61.166710762585154
402 85.1288034154993
404 63.455970036022876
406 73.45108520425279
408 87.9377941109882
410 98.2761844341504
412 66.27630320239862
414 79.06400465844465
416 84.53120901667688
418 79.61589786859139
420 64.36917559809746
422 66.66196992765427
424 99.35138904162318
426 103.51867442043098
428 82.8021060701231
430 101.28494864432605
432 98.68066349338943
434 90.79973299729866
436 72.92443589063765
438 83.76469962072687
440 71.60378079826192
442 96.54328535986795
444 73.75472047308261
446 96.79380161008359
448 100.09446692155646
450 105.83105371837758
452 81.63213151740237
454 110.89477805412156
456 110.3420883916456
458 99.19933086833387
460 76.82565225044084
462 103.5594124599391
464 90.12249280108414
466 85.75770675592956
468 98.12063455567247
470 119.2635644738539
472 94.49649755599236
474 95.24549343972689
476 104.05323883872597
478 111.96302184407402
480 122.60253625204592
482 88.93280121533574
484 91.04592285836725
486 95.82638903610878
488 97.5128135366998
490 125.42400337685986
492 96.72175354180843
494 108.78127727213246
496 121.84768177634302
498 128.4468725764593
500 97.16016958070524
502 127.89939101624182
504 130.2250025346243
506 132.63797566822618
508 101.71079032373157
510 132.46468348514793
512 140.58599715372827
514 130.4031992485031
516 107.90199184428549
518 136.05683883953958
520 108.26157300665528
522 132.99302121506395
524 129.11747101738274
526 138.3939652583505
528 118.95094693925711
530 130.50502692045106
532 144.37314191111847
534 120.74556770166944
536 149.66668998741295
538 140.7282362363037
540 133.4539226054776
542 130.04151088057924
544 144.86152476042756
546 161.7647011647714
548 156.17642832276027
550 153.52719841004932
552 162.26253256015877
554 147.10111459579088
556 138.45711068124263
558 177.92322354607498
560 144.76130472465647
562 147.19277354877806
564 177.95408280247563
566 177.06657407103418
568 165.6207454681911
570 169.25921220552635
572 165.92941307728336
574 175.13493669505294
576 190.99972347176305
578 171.70043577924412
580 205.40713702914596
582 171.69233005716396
584 202.95514391227312
586 205.249800693881
588 211.7057513594997
590 206.19265984422904
592 214.1731442564551
594 218.12327794341263
596 225.29161813486056
598 237.52477142723734
600 220.9963070075821
602 218.20262056095453
604 240.7922681210496
606 232.59841293261556
608 242.98281151635075
610 259.0394240264093
612 236.30199264530756
614 277.8097181816769
616 274.6056523937998
618 289.6264382597034
620 287.5504203057433
622 291.5025701392464
624 289.18494122490887
626 296.4064537133451
628 289.1386961665181
630 322.6299690331781
632 327.70984474366264
634 307.7700397503137
636 302.06168901115575
638 335.51471730442364
640 334.7970811086533
642 335.20240140845283
644 344.20130900961095
646 335.9151049954637
648 347.338662108689
650 326.91122614816334
652 360.17917740068367
654 337.89884662537935
656 353.6886818388667
658 358.1269589037854
660 331.62805077254643
662 347.72806531129004
664 328.45273455998756
666 320.5300377662801
668 316.20017061606086
670 314.2847739993506
672 332.1906966337988
674 338.6818736741661
676 318.69935464180844
678 301.42775486260774
680 324.68255244832795
682 318.22315609154043
684 320.02775212976064
686 310.923464131523
688 297.01540244124817
690 318.01881484492174
692 296.868390606321
694 313.98174013266663
696 307.9365801532962
698 298.97050967620225
700 303.58977061326175
702 288.4942640730702
704 298.80017978573846
706 315.8378283100892
708 302.0919797467661
710 295.97534566551315
712 298.98265652842423
714 332.0577336621009
716 313.6872111220878
718 346.38925203812977
720 356.51573953597494
722 395.17387027215034
724 431.88841272797407
726 472.77844006321936
728 498.98040826710553
730 570.8085296712978
732 602.2640623257527
734 686.6043825832562
736 710.8235270805052
738 727.1645820096095
740 693.993020755749
742 652.0683272251592
744 577.1908462488533
746 529.6740672609155
748 475.10557718149585
750 432.36083199976144
752 411.32682664417825
754 355.19172326768137
756 348.3572124801291
758 338.81544056812817
760 315.79001816793243
762 295.9827204857162
764 274.85235757712394
766 299.8423570110758
768 289.80005614361096
770 285.1769335998865
772 285.38756263638254
774 248.07074145255348
776 247.19175977074008
778 258.3562636456079
780 247.4852325762941
782 260.03083070960963
784 249.17611505440283
786 262.6753150480316
788 272.41578970444056
790 238.68709068542478
792 249.16315932659523
794 232.92506874059697
796 250.3171541489592
798 269.44295598373714
800 270.57605281775693
802 261.11112875982207
804 252.36551762490717
806 237.69121268024048
808 250.89076915831387
810 250.86757659639485
812 256.38887397602116
814 271.80256249867364
816 259.3115476011721
818 242.78964761967953
820 258.9846527808024
822 248.93787064917706
824 272.6903621585527
826 261.35874125963994
828 269.33201668225706
830 250.1769040474395
832 247.35196122929796
834 255.82737150100172
836 246.74284856599905
838 272.05370012101554
840 286.26342311288806
842 252.2950343608365
844 256.27945372277856
846 288.28552422342955
848 272.73411725669274
850 295.9581543726043
852 274.3893800717134
854 284.7878923208463
856 268.4348429437504
858 306.43510078329103
860 300.0258428906094
862 281.7492723122781
864 293.60319070295856
866 284.54999067193427
868 317.7777345676127
870 324.0223356470607
872 328.8312851894883
874 311.73235464052664
876 348.5728155189406
878 343.1391103643395
880 353.22108538779224
882 364.9329208266148
884 345.3093827001551
886 378.8973582029362
888 387.8430720077121
890 381.91012808920516
892 388.49785074174747
894 432.09135975960226
896 421.35216685482146
898 466.8241871345849
900 491.6393430236732
902 498.0662710187437
904 538.0023020346565
906 536.677403290924
908 578.2794753930349
910 584.1894383409171
912 588.3573326235069
914 610.9296628498196
916 585.9555615936063
918 616.4967805313586
920 590.0321744256817
922 575.2467556648774
924 564.5955142227868
926 518.5810958181032
928 513.9734804558093
930 492.94420469018945
932 492.8129947821651
934 450.2347753933272
936 428.4282229450288
938 422.12272846535177
940 423.44894831850695
942 398.649134629861
944 415.8920279182424
946 371.54174627609547
948 398.82529359348507
950 376.1733649841559
952 365.9159766589016
954 374.3818454316454
956 348.80684893733076
958 340.81636119738755
960 356.5862277587765
962 365.3453226288876
964 335.9009301435088
966 352.92018128669565
968 348.300664267808
970 355.3082615941569
972 325.687737433811
974 341.0635407976351
976 324.23961272203763
978 333.6197682316085
980 347.7975845537256
982 346.7812617109764
984 347.28774590046066
986 356.5733131449694
988 333.84147710589366
990 350.0101748846465
992 342.7993875791741
994 329.6972473405323
996 340.5453723621165
998 353.41213322189395
1000 346.847049767035
1002 354.1105365753976
1004 352.8534002044627
1006 343.42378286153246
1008 336.3633394485867
1010 340.955532415182
1012 330.31032417009897
1014 329.58139964926704
1016 358.1063090090287
1018 337.32759287712446
1020 366.6488745978952
1022 351.99540282227554
1024 344.09898990349524
1026 360.6357092234906
1028 348.3109617560944
1030 362.91754164284447
1032 367.67686760292014
1034 359.1100444874126
1036 338.9537671776517
1038 355.9257167867673
1040 354.5886785872858
1042 374.5509302721955
1044 363.1123220177841
1046 352.7409314310255
1048 367.03208843433475
1050 349.27131144675207
1052 376.6292862373129
1054 348.5908794637707
1056 347.5294301476741
1058 355.8177038165111
1060 360.01659091629165
1062 358.5514646970221
1064 361.0235025070304
1066 359.48681834698
1068 369.3343900021912
1070 358.10964454988374
1072 366.44347493116146
1074 381.10590653979625
1076 383.1625292010863
1078 366.5386598293105
1080 396.89672763840355
1082 370.15021480568487
1084 371.16094292100337
1086 363.59133197048544
1088 373.95585662102496
1090 367.42104305502806
1092 379.83992054471787
1094 397.1037836210918
1096 390.14813849207576
1098 374.0758897789365
1100 404.27042747951083
1102 401.6210765053941
1104 387.598576592872
1106 379.6994031192464
1108 385.15793233729505
1110 392.73223522802897
1112 383.1083763004726
1114 415.5725057597805
1116 416.12069314620965
1118 416.82490384783387
1120 397.70071687314095
1122 414.9561785338749
1124 386.31150494627354
1126 407.5228811750279
1128 399.5029992481331
1130 396.5629225094906
1132 391.5650572987952
1134 398.2980726438406
1136 420.5526800036896
1138 421.6536342018985
1140 429.58024010924294
1142 404.63691293673634
1144 416.5602163241733
1146 416.9033027559751
1148 418.97352188200523
1150 409.61956722848004
1152 406.7403060861613
1154 432.74837589819947
1156 440.92217461795485
1158 431.25872256275295
1160 441.43414762017045
1162 410.6421661412377
1164 428.8494031062438
1166 431.52418260340346
1168 428.39863563297274
1170 445.8687198063979
1172 425.56468294186993
1174 436.8829827012786
1176 448.84656004866895
1178 432.35613091170006
1180 435.09318558686147
1182 454.5608889865221
1184 445.19096175859505
1186 456.94836127655856
1188 453.0184555737595
1190 446.20116084288435
1192 464.4314200894169
1194 467.0607029475219
1196 457.9277421414919
1198 450.6355596356751
1200 441.28827501700727
1202 448.8400346127545
1204 473.6539956080511
1206 453.0047955850899
1208 461.19796153312444
1210 464.55278750906143
1212 465.33358669461666
1214 477.95068219713283
1216 456.7945310773589
1218 483.76623474411235
1220 470.0674894906727
1222 467.55542130777206
1224 472.50661888676814
1226 464.7898960916868
1228 492.588881793539
1230 492.04553275170593
1232 470.44851442848085
1234 473.08736234240075
1236 478.4908887820175
1238 476.2078487915955
1240 471.9269703676204
1242 497.8210239550291
1244 486.4174448667517
1246 506.88284713170896
1248 501.7889350111393
1250 499.9885284427799
1252 502.80518117100274
1254 489.4352015944436
1256 490.5109988558293
1258 502.1109000479
1260 502.89559409340006
1262 494.83868100157713
1264 514.7147664973091
1266 496.69403680893834
1268 500.09457897908817
1270 525.8838723778542
1272 502.1031901282828
1274 508.4140401956682
1276 504.6763419417586
1278 498.71320353601845
1280 513.5947114295175
1282 514.6490129219302
1284 507.50192956599585
1286 525.0732198215836
1288 533.667173671771
1290 509.90051696570805
1292 539.1010025845885
1294 506.524155243874
1296 537.3191838598743
1298 520.4771848067212
1300 543.8794229020242
1302 543.9858302856727
1304 522.7947969588729
1306 523.2783676003445
1308 528.2666049704819
1310 539.4510866833804
1312 533.4589042420281
1314 530.5357552398805
1316 546.9409767012506
1318 556.2630571946477
1320 555.1049351891118
1322 556.0633600804526
1324 536.9151026077154
1326 534.305585147649
1328 555.10287366299
1330 540.6909233078889
1332 540.1980828789195
1334 541.228948537111
1336 546.1850937628261
1338 553.4526379724106
1340 573.7222815292731
1342 578.2242239614378
1344 563.9654230342597
1346 549.1084976989824
1348 568.650931805371
1350 583.8141741429301
1352 558.3798158767671
1354 560.2910193060299
1356 557.4720418494633
1358 588.344252934411
1360 572.5315718329514
1362 562.613713188749
1364 594.9561025375754
1366 584.6290921971128
1368 565.9265939532054
1370 593.5385505404289
1372 575.7056107726943
1374 584.8079362419162
1376 577.3489853695853
1378 591.4340615709035
1380 589.0609483759026
1382 605.7973509637583
1384 588.9748094338238
1386 607.7306818747877
1388 599.5359425841905
1390 605.8952222369353
1392 592.52014436729
1394 601.5599704360213
1396 622.14928790991
1398 620.0616808186311
1400 612.0861621796527
1402 597.8956058604421
1404 625.6663160646391
1406 604.264237453193
1408 596.7334789278464
1410 612.5617845952893
1412 637.9405866634942
1414 603.9966991561428
1416 631.4383986987233
1418 617.6313165719428
1420 611.3367889710852
1422 644.855602156976
1424 626.0283460812238
1426 649.4940683693302
1428 639.3384054866231
1430 624.8783235765362
1432 627.2495095852552
1434 649.7270101301173
1436 649.5481322634391
1438 636.3509750320359
1440 659.6137793862223
1442 659.0117937415296
1444 650.4218424257824
1446 667.0166752152628
1448 639.8828245560626
1450 659.7877273094567
1452 647.0883152678456
1454 666.4476947704749
1456 673.3661306061525
1458 674.421356188369
1460 664.2174600507253
1462 652.9679404715271
1464 681.3669900232462
1466 679.2163704422824
1468 684.0870091083092
1470 687.5563693209588
1472 684.1124758411686
1474 655.240751970057
1476 693.3572844670017
1478 670.7394156627557
1480 672.4974564011258
1482 687.8411088097412
1484 666.4569371475546
1486 700.686462496232
1488 701.877761040087
1490 675.2712566521143
1492 676.7428825830559
1494 694.4634431494499
1496 689.952020027727
1498 697.9155869502041
