200 50.27833669016819
202 17.526947490306004
204 27.386438679866423
206 36.25679690443978
208 16.31696816443324
210 35.26220197300225
212 55.09961264904716
214 44.12075980373559
216 52.60720139171732
218 30.451008065419245
220 41.14489838672297
222 21.35446818211588
224 33.62528677766809
226 32.4431519680664
228 49.65318357048016
230 42.9566945200956
232 36.41324527231475
234 28.175550817957916
236 47.266054078260154
238 41.5973257874838
240 31.42939146643915
242 52.078083783450694
244 37.031291867833176
246 23.759356211386994
248 22.088755583753986
250 35.19283875474467
252 35.210640446890565
254 39.883742574106066
256 32.18539149834361
258 47.01802708384973
260 37.2636814790352
262 39.14908245743538
264 32.05846267262827
266 28.64634517531141
268 59.32199478334604
270 57.146588202257554
272 61.271940221505666
274 31.380165901649466
276 29.25618981064723
278 62.50897741682567
280 44.55942288550925
282 43.10473629165975
284 52.43956220816149
286 31.4150646298853
288 62.014471980163464
290 61.39321813280613
292 43.0253486663909
294 61.660051087731084
296 51.93032401586781
298 55.12676950283624
300 48.89839739352908
302 38.05948573193153
304 46.66982436382082
306 35.50952015028997
308 63.425065521150486
310 64.80018459626604
312 35.27933301221153
314 59.71447038385821
316 65.88705570430064
318 56.74770238096489
320 49.026259111632484
322 56.965876017587384
324 38.26282251342978
326 42.99482164401636
328 69.39179892670467
330 68.69561354072049
332 75.63502124862255
334 40.703283375130184
336 65.00002283502938
338 64.75660250149977
340 61.60514443764839
342 71.0918843524898
344 62.66869667988931
346 67.0337190318281
348 75.36429936217584
350 81.46416767164249
352 65.8846173548901
354 49.08900084752011
356 51.34837901039318
358 46.271565321435155
360 59.77979221873825
362 78.59730403800259
364 50.90631342406431
366 64.90003894339878
368 78.99841650597203
370 53.936888212619635
372 71.61397162344478
374 50.794142485953
376 49.69226009729576
378 50.17552571045079
380 52.23419052067055
382 52.69289199262841
384 67.61697052996129
386 88.83396280228368
388 81.10683204160942
390 74.62281730405239
392 67.97654282265084
394 92.99897602892435
396 55.714494432578604
398 87.65493514470164
400 61.353605908869326
402 85.3186799364783
404 63.64889745585396
406 73.6471351790242
408 88.13704050960638
410 98.47870342287307
412 66.48217333320292
414 79.27330696143116
416 84.74402709672158
418 79.83231800647069
420 64.58928685632446
422 66.88586426127891
424 99.57916141426392
426 103.75042292582211
428 83.03793205947869
430 101.52495685984057
432 98.92496220821408
434 91.04843416235374
436 73.17765528864402
438 84.0225570278628
440 71.86640015387793
442 96.8107949447188
444 74.02725309656549
446 97.07149480700227
448 100.37746315896473
450 106.11950061309088
452 81.92618206480466
454 111.19459086893532
456 110.64782796137641
458 99.5111678201477
460 77.14376363228249
462 103.88398203675291
464 90.45371136705629
466 86.09577246373178
468 98.46575326375286
470 119.61595011289064
472 94.85637251570115
474 95.61308897729324
476 104.42879551021946
478 112.3467899602934
480 122.99477636034229
482 89.33378460906589
484 91.4559321157416
486 96.24571859031794
488 97.94177027933145
490 125.86290729675422
492 97.17093840164509
494 109.24109132519646
496 122.31848852608121
498 128.9290515816128
500 97.65411730898805
502 128.40552174972999
504 130.74374933022636
506 133.16979137682165
508 102.25614867179038
510 133.02408022288157
512 141.15995127406833
514 130.99225428145886
516 108.50671723149243
518 136.67783139407828
520 108.89945846348802
522 133.64845587770463
524 129.7911435066776
526 139.0865983694973
528 119.66329961342346
530 131.23789633755695
532 145.1273657105139
534 121.5220263375528
536 150.4663092258789
538 141.5519898008648
540 134.3028349777415
542 130.91666026245554
544 145.76404620374603
546 162.69578987347165
548 157.13734313180672
550 154.5192654438691
552 163.28714907161537
554 148.1597529843982
556 139.55132268638192
558 179.0546446072659
560 145.93165849630066
562 148.40387655105036
564 179.2078491829732
566 178.36502044315807
568 166.96599578173635
570 170.6535025922749
572 167.37509659915085
574 176.63448790412843
576 192.55574266994364
578 173.31565283962192
580 207.0844146113476
582 173.43466601397392
584 204.76567264462477
586 207.13179316529994
588 213.66261342910877
590 208.22792851950666
592 216.29048140349158
594 220.3264609243974
596 227.58452677167915
598 239.9113706191127
600 223.48062426373332
602 220.78871765202848
604 243.48420601339797
606 235.40020915752422
608 245.8983891548957
610 262.0725515752348
612 239.45621418728808
614 281.08827353783425
616 278.0113872989962
618 293.16170510245837
620 291.2169706145255
622 295.3014407863039
624 293.1163372412631
626 300.46963163088725
628 293.3318528645669
630 326.950142077003
632 332.1528310418418
634 312.3303398844117
636 306.73248465467236
638 340.2878886113727
640 339.6632697201718
642 340.15112277487924
644 349.2211151290479
646 340.99379561159407
648 352.4635391775687
650 332.06938333634844
652 365.35781389824217
654 343.0855929891542
656 358.87192516338536
658 363.29615544190824
660 336.7740161247175
662 352.84323525501924
664 333.5313931848092
666 325.5685134635029
668 321.1970043274198
670 319.2408677197018
672 337.1094533757897
674 343.56934295622807
676 323.564400203428
678 306.2822640085454
680 329.541709548123
682 323.10580678882076
684 324.95689034563975
686 315.92688173947965
688 302.1265525480266
690 323.2779552914544
692 302.32409649728686
694 319.6929055970662
696 313.9750739706995
698 305.42471237062546
700 310.56930992573155
702 296.1363922377051
704 307.2784142281609
706 325.3737248145954
708 312.9712402738134
710 308.56988275781015
712 313.78068599779147
714 349.70422033623424
716 335.03636417782246
718 372.56740621256796
720 388.9822056437174
722 435.7383136774932
724 482.57373230305967
726 535.2752566767431
728 573.2305299489187
730 652.2556126070417
732 678.5073966466106
734 737.5846749623422
736 718.2030324686049
738 688.4192794412345
740 624.6637777683037
742 573.066182201094
744 503.13866487836304
746 466.81389421089193
748 424.3128107747052
750 392.20708766986456
752 379.8012645042986
754 330.4130774704205
756 328.7816380232358
758 323.2432829579998
760 303.310156920061
762 285.9083343582512
764 266.6654370740961
766 293.1503396355609
768 284.3033556887991
770 280.64506833104133
772 281.6417127382015
774 244.97099882288552
776 244.6277696533254
778 256.2403134853738
780 245.74711104699472
782 258.6139737195109
784 248.03469361168035
786 261.7720175570824
788 271.72012032124707
790 238.17405430398316
792 248.8122386209111
794 232.71942365419292
796 250.24299223177013
798 269.4890350595552
800 270.73328704333784
802 261.372276203825
804 252.724932751724
806 238.14465106739675
808 251.43523476136676
810 251.5012041574467
812 257.11084093632934
814 272.61302615791186
816 260.2116043658838
818 243.78131207631938
820 260.07085507137646
822 250.12247126386137
824 273.97818382463413
826 262.7556181281277
828 270.8448615166912
830 251.81379462517043
832 249.12224769372918
834 257.7418069733835
836 248.8137459570192
838 274.2951187962597
840 288.6913898841515
842 254.92780422064797
844 259.13781683690655
846 291.39316697034417
848 276.11804657681904
850 299.6491963807089
852 278.42276579704657
854 289.20394555109294
856 273.2797873953175
858 311.7620060601262
860 305.89573065582977
862 288.2324052982041
864 300.78056679747476
866 292.51506096042044
868 326.6383556188533
870 333.9029488675459
872 339.8752839555656
874 324.1045441219112
876 362.4617767688852
878 358.75912858903035
880 370.8130621886486
882 384.76332015183755
884 367.66570798909237
886 404.07786893239904
888 416.1373904913245
890 413.5661183292717
892 423.6689445527719
894 470.75807949308427
896 463.21341845398797
898 511.16040610057235
900 537.163751656534
902 542.8038220365662
904 579.2637157574492
906 571.2116930273496
908 602.6648927852438
910 595.4386202835763
912 584.586392780086
914 591.8487444948448
916 552.9682647186676
918 572.3597470289501
920 538.2238523472354
922 519.2948024977163
924 507.5695240985211
926 462.8334250552157
928 461.0987458237579
930 443.8756886590676
932 447.9754115477937
934 409.69891100697606
936 392.0405943717376
938 389.602642725925
940 394.4554546680723
942 372.82412621728565
944 392.8861015338749
946 351.0283723683885
948 380.50746173411
950 359.78561964336916
952 351.2237859018845
954 361.17954767841707
956 336.9149476326794
958 330.07862498928125
960 346.86685456568176
962 356.5263022224272
964 327.87966514601305
966 345.60738291637244
968 341.61851500978696
970 349.1888246645242
972 320.0715876389291
974 335.8985901777225
976 319.4801053655207
978 329.2254207446048
980 343.73285121322976
982 343.01470594919897
984 343.7915022616528
986 353.3226261283231
988 330.8143053222541
990 347.1868507081633
992 340.16232398285456
994 327.23068489050127
996 338.2351604356411
998 351.2455404350817
1000 344.81259937396
1002 352.19786325312253
1004 351.05312518717426
1006 341.7274048483097
1008 334.76313909725246
1010 339.44448856115207
1012 328.8820401841537
1014 328.2300385801173
1016 356.82653635244776
1018 336.11452597911637
1020 365.49803783975614
1022 350.90268785453935
1024 343.06062029703634
1026 359.6482089923088
1028 347.3711272798972
1030 362.02241658043897
1032 366.82372044128675
1034 358.29634841753693
1036 338.1771820278967
1038 355.18407277875804
1040 353.8799617087654
1042 373.87326908679023
1044 362.4639757536713
1046 352.1202792096191
1048 366.43761951671473
1050 348.7016163900151
1052 376.08304886561564
1054 348.0668695698313
1056 347.02649685010897
1058 355.3347695068036
1060 359.55264573656973
1062 358.10556149630935
1064 360.5947522293397
1066 359.07438580964526
1068 368.9374900272693
1070 357.7275384153762
1072 366.0754671122733
1074 380.7513417135226
1076 382.82078949014186
1078 366.20916226383963
1080 396.5789218160613
1082 369.84358073260046
1084 370.8649890178452
1086 363.30559322937717
1088 373.679892900427
1090 367.1544375009201
1092 379.58227812751477
1094 396.85472977870666
1096 389.90731787042705
1098 373.8429650619883
1100 404.04507830165045
1102 401.4029984395935
1104 387.3874802086604
1106 379.49501310504434
1108 384.95998668213423
1110 392.54048445811026
1112 382.9225827664016
1114 415.3924429706723
1116 415.946145147173
1118 416.6556646376338
1120 397.5365898591025
1122 414.79697602133007
1124 386.15704766007104
1126 407.3729978108233
1128 399.35752605135946
1130 396.42170288007355
1132 391.4279414198275
1134 398.16491713257017
1136 420.4233475833
1138 421.5279933926772
1140 429.45816493783843
1142 404.51828266230217
1144 416.44491518028633
1146 416.7912197072969
1148 418.8645503947312
1150 409.51360505368945
1152 406.63725505524553
1154 432.64814172960394
1156 440.8246667345249
1158 431.1638539190222
1160 441.3418345389784
1162 410.55232815910324
1164 428.7619628269628
1166 431.4390655593729
1168 428.3157701537789
1170 445.788036894236
1172 425.48611615339206
1174 436.8064680354935
1176 448.77203584054075
1178 432.2835377311177
1180 435.02246614266994
1182 454.4919880353283
1184 445.12382601807775
1186 456.8829393430298
1188 452.9546978437408
1190 446.13901943847503
1192 464.3708487872469
1194 467.00165711109247
1196 457.8701786567216
1198 450.5794368494778
1200 441.2335526787404
1202 448.78667381838494
1204 473.6019587468955
1206 452.95404628899416
1208 461.14846462795623
1210 464.50450896839493
1212 465.28649359549775
1214 477.9047426778182
1216 456.749714296929
1218 483.72251084386403
1220 470.02482955720143
1222 467.51379733766095
1224 472.46600375280354
1226 464.7502635105253
1228 492.5502062947558
1230 492.0077896481564
1232 470.4116797879126
1234 473.0514129602563
1236 478.4558021553706
1238 476.17360309416694
1240 471.89354442582373
1242 497.78839722499663
1244 486.3855974122956
1246 506.85175960317525
1248 501.7585886251115
1250 499.9589049625959
1252 502.77626288804595
1254 489.40697131017436
1256 490.48343986452346
1258 502.08399612006207
1260 502.86932945982187
1262 494.81304033801297
1264 514.6897349097408
1266 496.6695998194033
1268 500.0707225120476
1270 525.8605827470767
1272 502.08045402422164
1274 508.3918446733116
1276 504.65467440893235
1278 498.69205174212175
1280 513.5740634546742
1282 514.6288571665374
1284 507.4822547406543
1286 525.0540149373928
1288 533.6484280309751
1290 509.88222015267746
1292 539.0831444571238
1294 506.5067259248191
1296 537.3021737290262
1298 520.4605844930247
1300 543.8632232760399
1302 543.970022452307
1304 522.7793722503612
1306 523.2633175694754
1308 528.2519213840552
1310 539.4367615158878
1312 533.4449296695495
1314 530.5221236341866
1316 546.9276806241043
1318 556.2500893922964
1320 555.0922885869643
1322 556.0510277779318
1324 536.9030778732819
1326 534.293861413988
1328 555.0914445223565
1330 540.6797825076045
1332 540.1872243170153
1334 541.218366258111
1336 546.174781953667
1338 553.4425909584916
1340 573.7124937706322
1342 578.2146900490493
1344 563.9561376864485
1346 549.0994557579515
1348 568.6421282338378
1350 583.805604020867
1352 558.3714743982441
1354 560.2829017761549
1356 557.4641436814156
1358 588.3365696465672
1360 572.5240990460978
1362 562.6064466233797
1364 594.9490380112713
1366 584.6222256220009
1368 565.919921333493
1370 593.5320679700125
1372 575.6993144328392
1374 584.8018223990055
1376 577.3430503729346
1378 591.4283018506409
1380 589.0553604409095
1382 605.7919313996714
1384 588.9695549010952
1386 607.7255891068002
1388 599.5310083854281
1390 605.8904434812063
1392 592.5155179959999
1394 601.5554934564964
1396 622.1449573937675
1398 620.0574939001962
1400 612.0821160544187
1402 597.8916977835759
1404 625.6625433495268
1406 604.2605974700267
1408 596.7299691022502
1410 612.5584024069831
1412 637.9373296449943
1414 603.9935648914984
1416 631.4353848222876
1418 617.6284207671767
1420 611.3340089693951
1422 644.8529357365812
1424 626.0257910660557
1426 649.4916226279603
1428 639.3360669312204
1430 624.876090161852
1432 627.2473793076343
1434 649.7249810265365
1436 649.5462024105703
1438 636.3491425453338
1440 659.6120424190365
1442 659.0101504842389
1444 650.4202911049533
1446 667.0152140928278
1448 639.8814519285211
1450 659.7864415070961
1452 647.0871146539823
1454 666.4465777407145
1456 673.3650955876693
1458 674.4204016392035
1460 664.2165844590995
1462 652.9671423551773
1464 681.3662679287721
1466 679.2157229445129
1468 684.0864348096842
1470 687.5558668509256
1472 684.1120438555943
1474 655.2403891506542
1476 693.3569895207701
1478 670.7391873214357
1480 672.4972934206659
1482 687.8410099697795
1484 666.4569012509116
1486 700.6864883684161
1488 701.8778475288123
1490 675.2714026268297
1492 676.7430869344856
1494 694.4637047891447
1496 689.9523378876268
1498 697.9159599822101
