200 49.71687593165034
202 16.96026666030882
204 26.814467038516284
206 35.679462451238905
208 15.734197610365833
210 34.67392071190245
212 54.5057447282059
214 43.521227893722894
216 52.001926755395594
218 29.83991052612234
220 40.52789629557479
222 20.73147838446153
224 32.996224578589384
226 31.807931096952764
228 49.011716144624636
230 42.308891007284906
232 35.75901445238077
234 27.514799743257335
236 46.59868803304714
238 40.923248246139806
240 30.7485040505224
242 51.39028621752638
244 36.336481934044215
246 23.057429702723308
248 21.37960625597715
250 34.47635827692268
252 34.48671835049599
254 39.152266200629015
256 31.446245945369007
258 46.27109514954654
260 36.50884360500311
262 38.38621666985234
264 31.287444521640104
266 27.867047672602308
268 58.534288337826446
270 56.35034055380329
272 60.46701637267955
274 30.566428047333957
276 28.433497265513633
278 61.67718654056256
280 43.71838700572941
282 42.254305624401866
284 51.57958377589914
286 30.545382176952337
288 61.13492588550103
290 60.503645319932566
292 42.1255825104917
294 60.749921319761704
296 51.00965662355756
298 54.19538662847675
300 47.95611722842577
302 37.10612240739145
304 45.70518783854449
306 34.533416094029334
308 62.43729519448891
310 63.800544726370006
312 34.26761566439703
314 58.69046282880788
316 64.85054028076038
318 55.698456353740966
320 47.964054524702064
322 55.89047954212709
324 37.173995290557734
326 41.892319122033996
328 68.27537069261471
330 67.56500314578713
332 74.48996602772885
334 39.54351425967667
336 63.825264159105146
338 63.56657180104531
340 60.399552242315664
342 69.87043396989107
344 61.431083971911505
346 65.77963218267377
348 74.09341863777544
350 80.17616517006519
352 64.5791567473623
354 47.7657371096412
356 50.00695814311794
358 44.911624061370816
360 58.40095773728116
362 77.19919362881583
364 49.48853417837219
366 63.462187412547266
368 77.54007835067614
370 52.45763783828875
372 70.11337180094523
374 49.27174395713418
376 48.147601164570084
378 48.608131809680934
380 50.64357377657743
382 51.07855075589154
384 65.97838889513861
386 87.17061010563084
388 79.41816233782879
390 72.90826882094846
392 66.23553739261345
394 91.23091849610066
396 53.91877203453217
398 85.83091686728926
400 59.5006418129956
402 83.43610045531149
404 61.7360126610067
406 71.70323401411694
408 86.16138998954037
410 96.47054779704305
412 64.44073321077695
414 77.19777839671501
416 82.63358063250917
418 77.6860976731574
420 62.40640912442827
422 64.66541694487302
424 97.32020252267503
426 101.45197946078773
428 80.69899875478689
430 99.1444948602928
432 96.501897684558
434 88.58165685862569
436 70.66601699813882
438 81.46486999371308
440 69.26143538997232
442 94.15728047241873
444 71.32387209239228
446 94.3168836561583
448 97.57020940922317
450 103.25814082323649
452 79.00919954143194
454 108.22041328500723
456 107.61482484951675
458 96.41764793317913
460 73.98797216302886
462 100.66409768859779
464 87.16784326618412
466 82.74195690337436
468 95.0419502701174
470 116.1200398217535
472 91.28615134791123
474 91.96626560063714
476 100.70298657425343
478 108.53951558984113
480 119.10345539238966
482 85.35572955674905
484 87.38834384201922
486 92.08568067273953
488 93.686243046055
490 121.50872151262502
492 92.71478858171982
494 104.679528651577
496 117.64791334230918
498 124.14570543716363
500 92.75407452459092
502 123.38468047232423
504 125.59782204434605
506 127.89429483707629
508 96.84639321888676
510 127.47515844330864
512 135.46672596115695
514 125.14934565303537
516 102.50848935679014
518 130.51837777996917
520 102.57258674747928
522 127.14767157254303
524 123.10963273886638
526 132.21720955161112
528 112.59852398787991
530 123.96984732755817
532 137.64775701232082
534 113.82214868723622
536 142.53700577337753
538 133.383630024776
540 125.8852870760352
542 122.2392619575424
544 136.81557390542397
546 153.4644261506756
548 147.61064245434113
550 144.68411816907093
552 153.1297436689615
554 137.66553651438076
556 128.70495957964113
558 167.83997382732332
560 134.33164921583685
562 136.40058252935964
564 166.78236210315038
566 165.49742255421643
568 153.63531229609762
570 156.83765441618348
572 153.05085412625172
574 161.77742678483796
576 177.14020268585796
578 157.31470126789603
580 190.46981576377908
582 156.17685898445285
584 186.83375970131527
586 188.49354168419646
588 194.2844747857088
590 188.07507793499633
592 195.32688337700014
594 198.51496556402944
596 204.88700304709863
598 216.28888327018808
600 198.89366177269173
602 195.19747926357354
604 216.84895619090332
606 207.681707992619
608 217.0584069752025
610 232.07447516648625
612 208.26575048289578
614 248.67425413551928
616 244.34667354187286
618 258.2241885330465
620 254.9906572509831
622 257.7775998564291
624 254.29468587068317
626 260.3595168582188
628 251.95338185345287
630 284.33520141476043
632 288.3459277490068
634 267.38919162525593
636 260.72828613690774
638 293.30518666161004
640 291.79939197544206
642 291.5151245829968
644 299.93223538014104
646 291.1794430149548
648 302.25686311173683
650 281.6065142693985
652 314.77488371582467
654 292.51566201059313
656 308.44194783202175
658 313.12410978446314
660 286.96630386649394
662 303.4924322072914
664 284.71439646097747
666 277.3450969012167
668 273.608759621039
670 272.31047886370345
672 290.8402276700763
674 297.9449034489694
676 278.54843140237654
678 261.818193485365
680 285.55220059714907
682 279.4919290882804
684 281.5968238242201
686 272.6739904909902
688 258.80663712070947
690 279.6854486936165
692 258.21690622618456
694 274.7855133381223
696 267.929375732121
698 257.8378996626008
700 260.9578357035937
702 243.91470330054625
704 251.7306223253659
706 265.6156754068651
708 247.89945162510975
710 236.79250162191164
712 233.52392623167418
714 258.6859091053582
716 230.2970190280045
718 250.2511439951705
720 244.07127839837082
722 261.7822124705208
724 271.55181421909265
726 277.9527895701432
728 260.76024733833975
730 280.12755459761775
732 253.16847179768058
734 282.3300602823832
736 270.5137625416487
738 286.08147666573416
740 291.91285471882765
742 318.00121776549395
744 323.74721880295385
746 357.7859416363643
748 381.23982126862927
750 413.4452670642597
752 466.96195841851045
754 487.87227066381354
756 561.8166154483612
758 633.833453664854
760 683.3230225656891
762 711.0745779276076
764 699.1644504089155
766 695.4659254065361
768 633.1044025377939
770 569.4478686900649
772 514.9184720287298
774 431.5301859169091
776 393.6641925391799
778 375.73348662672515
780 342.10514028528905
782 336.81086845093546
784 311.8812141802555
786 314.18110570438836
788 314.9259752772963
790 273.9010635924784
792 278.40146740409483
794 257.22224481059806
796 270.4902386190002
798 286.14221434761265
800 284.32272006563534
802 272.3256936666114
804 261.3890788887792
806 244.80172911720007
808 256.31551872383244
810 254.79277751865655
812 258.9671634594175
814 273.15884381850583
816 259.54758341713796
818 241.98768087892316
820 257.21026608782756
822 246.24224303718648
824 269.11204358675917
826 256.92503618984455
828 264.0600461226078
830 244.0743986004884
832 240.41782457464845
834 248.05204337655556
836 238.1084879425555
838 262.53420233369815
840 275.8242787913789
842 240.89303275303322
844 243.8622281623866
846 274.7909328249411
848 258.0894472349493
850 280.0791335020613
852 257.1789735589309
854 266.134857608919
856 248.21200855728986
858 284.49732813470564
860 276.20762191743654
862 255.86189288543557
864 265.4314220469015
866 253.8481908989746
868 284.26530255129
870 287.37840916260143
872 288.6885848610277
874 267.67007670560525
876 300.10849427555553
878 289.7194139520682
880 294.2115929965132
882 299.60708151442
884 272.8371151729278
886 298.33417513507777
888 298.12128313910137
890 281.83469942555223
892 276.75099283022195
894 307.251981224405
896 281.9389316175357
898 311.37370023847154
900 318.8329323865042
902 306.9177740280438
904 328.1116465506976
906 308.5363180268971
908 333.5843152688657
910 326.07782256121305
912 321.45970414665294
914 341.14377253227116
916 319.92964411522837
918 360.9232182460647
920 350.9420854383568
922 357.4959513335057
924 371.64364502092576
926 352.54977665597625
928 375.8913993353809
930 383.07025824093347
932 410.95394820276886
934 396.01198640507255
936 401.47890073572296
938 422.2389743311461
940 450.66438385723427
942 453.2823919925712
944 498.55216716893324
946 483.0948689666518
948 540.3154703935984
950 548.685663383507
952 570.3668619012155
954 611.2261079716586
956 617.6656411532704
958 640.0625753072345
960 682.9698330409406
962 713.7864465970619
964 699.5887698798924
966 723.795469008866
968 717.867265779236
970 715.575949450377
972 669.9852319284058
974 664.5238737234029
976 623.9034125327871
978 608.2342033996828
980 597.4490314426062
982 572.4893867281708
984 550.6433816589779
986 539.4558708193824
988 498.21957077918245
990 497.813040036568
992 475.8417786377151
994 449.6415221188423
996 448.88774534823824
998 451.4836342536905
1000 435.8227397717558
1002 435.02280512412585
1004 426.60676589472655
1006 410.80968490235045
1008 398.0740956685323
1010 397.59706586939564
1012 382.41351634826174
1014 377.6120746248447
1016 402.4739309385424
1018 378.39279587945856
1020 404.7299563002862
1022 387.3739114231086
1024 377.02452600808687
1026 391.33005186822425
1028 376.9716152168906
1030 389.72078708202537
1032 392.7803919868851
1034 382.6552087856927
1036 361.0675667029235
1038 376.7224786125385
1040 374.1715341856271
1042 393.01309572509285
1044 380.5382132450551
1046 369.20713772375314
1048 382.6082240746995
1050 364.02076223496226
1052 390.6098652488848
1054 361.85540425266237
1056 360.1262318306503
1058 367.79107696916793
1060 371.407191937284
1062 369.39666521721693
1064 371.3577035035697
1066 369.3417298426651
1068 378.7392805665303
1070 367.0915642514545
1072 375.02745490647106
1074 389.31513792888427
1076 391.018523844066
1078 374.06139481196413
1080 404.1047755113276
1082 377.0608610740229
1084 377.79029220517407
1086 369.95440406803857
1088 380.06667355203
1090 373.2927080450141
1092 385.4846897874075
1094 402.5331315656927
1096 395.37281731473615
1098 379.1059836234553
1100 409.1154019870838
1102 406.2898240958428
1104 392.09945790938986
1106 384.0402850043036
1108 389.34622266818985
1110 396.7749149059903
1112 387.0120286566268
1114 419.34334361419826
1116 419.7645837322095
1118 420.3473917923646
1120 401.1070454050739
1122 418.2513090751172
1124 389.50013522552814
1126 410.60946199055144
1128 402.49174999379943
1130 399.45784556768336
1132 394.3699513939887
1134 401.01654524205736
1136 423.1881588352323
1138 424.2093779777479
1140 432.0593484952056
1142 407.0423358437404
1144 418.8947625679805
1146 419.16964813494366
1148 421.1742167173488
1150 411.75704340767527
1152 408.8168836467221
1154 434.7662691859206
1156 442.8834980508992
1158 433.16549602968723
1160 443.28830153981903
1162 412.4455462065955
1164 430.6037747362538
1166 433.23123512253517
1168 430.0599861976286
1170 447.4859170955996
1172 427.13921062833157
1174 438.41626271774226
1176 450.3399556632505
1178 433.81094962495894
1180 436.51068186236245
1182 455.94226682578636
1184 446.5373771305396
1186 458.2609244107893
1188 454.29823312640843
1190 447.4491779430594
1192 465.64866227376234
1194 468.24811798985775
1196 459.0862417840167
1198 451.76602122776603
1200 442.39154306723736
1202 449.9169222593646
1204 474.7052860127592
1206 454.03124325479257
1208 462.20029357374335
1210 465.53170481550467
1212 466.28976508056587
1214 478.8847734681249
1216 457.70716405040673
1218 484.65801621690156
1220 470.9390051631769
1222 468.40723665895024
1224 473.3392800088408
1226 465.6039304843308
1228 493.3847991201976
1230 492.8238255600744
1232 471.2096588371027
1234 473.83181869519353
1236 479.21910227243495
1238 476.92025005803424
1240 472.623976061581
1242 498.50303728345403
1244 487.08485610987856
1246 507.53603413770054
1248 502.42826366867723
1250 500.6143531327433
1252 503.41784519828605
1254 490.03503760091144
1256 491.098329215347
1258 502.68603724432813
1260 503.45884108239085
1262 495.3903315569644
1264 515.2551055428407
1266 497.2233407360584
1268 500.6131159514382
1270 526.3919026231265
1272 502.6009662180259
1274 508.90180731361096
1276 505.1543381411911
1278 499.1816599867385
1280 514.0538526548257
1282 515.0990570261308
1284 507.94308845283746
1286 525.5056994040513
1288 534.0911740736204
1290 510.31623271511353
1292 539.5086228002546
1294 506.92386381394823
1296 537.7111596139764
1298 520.8616016813922
1300 544.2564500998824
1302 544.3556324285489
1304 523.1575342351856
1306 523.6341959069617
1308 528.6156760493055
1310 539.7935482528758
1312 533.7949001239139
1314 530.8654254811805
1316 547.2644576919024
1318 556.5804817808519
1320 555.4164327825981
1322 556.3690567638307
1324 537.2151212360699
1326 534.6000454465322
1328 555.3918923229577
1330 540.9746140757183
1332 540.4765566456417
1334 541.5023134229859
1336 546.4534551993801
1338 553.7160987816524
1340 573.9809420002003
1342 578.4781819239373
1344 564.2147739305054
1346 549.3533346524254
1348 568.8913456874157
1350 584.050253637384
1352 558.6116475421504
1354 560.5186876358241
1356 557.695629330378
1358 588.5638401027422
1360 572.747237329104
1362 562.8255338099897
1364 595.164153289083
1366 584.8334463413884
1368 566.1273230579017
1370 593.7357245246573
1372 575.8992979518639
1374 584.9982033711591
1376 577.5358976858181
1378 591.6176828335737
1380 589.2413409064674
1382 605.9745756839405
1384 589.1489259026877
1386 607.9017483246765
1388 599.7040159555662
1390 606.060358212157
1392 592.6823974033694
1394 601.7193937963907
1396 622.3059336952349
1398 620.2155999967024
1400 612.237404614388
1402 598.0442203400274
1404 625.8123503288401
1406 604.4077382198625
1408 596.8744919186564
1410 612.7003545607131
1412 638.0767574070624
1414 604.1305135579987
1416 631.5698987385003
1418 617.7605433509855
1420 611.4637827340357
1422 644.9804023127472
1424 626.1509912233776
1426 649.6145962958817
1428 639.4568532192885
1430 624.9947273794413
1432 627.3639049831229
1434 649.8394319259506
1436 649.6586145557147
1438 636.4595512314243
1440 659.7204822318492
1442 659.1166553167932
1444 650.5248941737402
1446 667.1179479536003
1448 639.9823484916589
1450 659.8855320525574
1452 647.1844298458561
1454 666.542147641385
1456 673.4589496716046
1458 674.5125688063792
1460 664.307093048069
1462 653.0560201557988
1464 681.4535421946033
1466 679.3014204048819
1468 684.170581681448
1470 687.6384888499236
1472 684.1931662078076
1474 655.3200366030777
1476 693.4351863520059
1478 670.815957352018
1480 672.5726600231227
1482 687.9149960784392
1484 666.5295293714632
1486 700.7577805872286
1488 701.9478255220206
1490 675.3400876691945
1492 676.8104999080319
1494 694.5298661915872
1496 690.0172678405864
1498 697.9796782392289
