200 50.32486096962634
202 17.573900929196135
204 27.433827084300532
206 36.304626184059536
208 16.36524433470367
210 35.310931157566266
212 55.148801082142725
214 44.17041383267752
216 52.65732747944566
218 30.501612793116415
220 41.195988456501695
222 21.40605041978026
224 33.677368135550076
226 32.49573952794008
228 49.70628454655629
230 43.010316262099074
232 36.46739526864754
234 28.230236698950403
236 47.32128361951354
238 41.65310691330673
240 31.485732253381602
242 52.13499246393825
244 37.08877683390514
246 23.817426018541664
248 22.14741895490477
250 35.252104584290706
252 35.270517804905765
254 39.94424071065046
256 32.246519847901354
258 47.07979526989787
260 37.326099318747936
262 39.21215996652822
264 32.12221007034724
266 28.710772889572056
268 59.38711345602769
270 57.2124086946582
272 61.338473619963146
274 31.44742352333486
276 29.324183209536592
278 62.57771838985656
280 44.62892347892851
282 43.175008807569824
284 52.51061921127203
286 31.486918954477943
288 62.08713673727745
290 61.466706717652876
292 43.099674766006096
294 61.73522868887313
296 52.006367413171816
298 55.2036933072332
300 48.9762165409403
302 38.138215492248726
304 46.749480350182765
306 35.59011832866724
308 63.506622220249994
310 64.88271651776795
312 35.36285724135135
314 59.79900440036781
316 65.97261739372208
318 56.83431004635213
320 49.11393148565614
322 57.05463227505884
324 38.35268228426158
326 43.085805026636365
328 69.4839265019426
330 68.78890638618611
332 75.72950095359577
334 40.79897205598415
336 65.09694315120885
338 64.8547776720779
340 61.70459825848628
342 71.1926412140243
344 62.77078158557582
346 67.1371576172662
348 75.46911791494736
350 81.57039315189263
352 65.99227741668398
354 49.1981238610086
356 51.458994084823686
358 46.38370232904468
360 59.89348181956793
362 78.71257770567493
364 51.02320347256655
366 65.01857855491777
368 79.11863975982857
370 54.05883011535255
372 71.73766814009777
374 50.91963057261987
376 49.81957773498275
378 50.3047119403177
380 52.365285480715684
382 52.825936955885865
384 67.75200794428261
386 88.9710363317802
388 81.24598660983521
390 74.76409913901256
392 68.1199995037244
394 93.14465653579569
396 55.86244919627718
398 87.80521610085452
400 61.506266553277754
402 85.47377538313518
404 63.80648449752612
406 73.80727235053033
408 88.29978815392884
410 98.64412376025032
412 66.65033053335702
414 79.44426721909473
416 84.91785871063755
418 80.00909146204894
420 64.76907491215012
422 67.06874203967872
424 99.76520649614986
426 103.93971545004412
428 83.23055482693331
430 101.7209954425964
432 99.12450506393176
434 91.25157275429525
436 73.38448421158407
438 84.23317414023496
440 72.08090671650893
442 97.02929576652696
444 74.2498566876227
446 97.29831353938488
448 100.60861343584585
450 106.35510304655554
452 82.16636166290087
454 111.43947723250696
456 110.89755549126028
458 99.76587593535426
460 77.40359699982173
462 104.14909081380983
464 90.7242514562676
466 86.37190578236526
468 98.747648027645
470 119.9037811360549
472 95.15032152658101
474 95.91334495269987
476 104.735555028064
478 112.6602575722992
480 123.31516498600271
482 89.66131595219935
484 91.79083710508706
486 96.58823784571237
488 98.29215460511517
490 126.22141820416155
492 97.5378486620566
494 109.61668555625525
496 122.70306381281017
498 129.32291813481248
500 98.05759916334517
502 128.81895750422683
504 131.16749293360976
506 133.6042129610664
508 102.70163543667951
510 133.4810373750179
512 141.62880302383545
514 131.47344490165682
516 109.00071218158934
518 137.18511851423665
520 109.42054924274589
522 134.18388680091135
524 130.34147748499927
526 139.6524262595135
528 120.24524183002832
530 131.83660456604673
532 145.74352472338157
534 122.15635592160478
536 151.11956622532978
538 142.22497028202974
540 134.99637652081947
542 131.63164438564766
544 146.50140092455723
546 163.45649241145844
548 157.92242275621894
550 155.32980646853235
552 164.1242939979511
554 149.02470579160183
556 140.4453522653865
558 179.97908833210033
560 146.8879259226791
562 149.3934532273552
564 180.23230055304163
566 179.42599581324714
568 168.06523231549255
570 171.79282928720053
572 168.5564381856421
574 177.8598685933187
576 193.82728965895575
578 174.63559946201474
580 208.45510299612965
582 174.8585490881373
584 206.24531528135384
586 208.66987224251938
588 215.26191652067783
590 209.89135089417044
592 218.02102095500067
594 222.12721060079835
596 229.45866401406613
598 241.8621432623656
600 225.5113322972788
602 222.90269019215447
604 245.6847728064949
606 237.6906659241366
608 248.2819561081128
610 264.5523245164143
612 242.0351077120822
614 283.76895609207435
616 280.79620812352607
618 296.05261351315477
620 294.21542858873124
622 298.40833047182707
624 296.3318657585051
626 303.7932363747591
628 296.76211138120397
630 330.4846914171663
632 335.78830218085466
634 316.0623132317322
636 310.55547273211835
638 344.1953515460203
640 343.64766819846454
642 344.2040115195195
644 353.3332778502062
646 345.1554198992562
648 356.6644271773966
650 336.2991915823191
652 369.60631367519716
654 347.34294134785165
656 363.128936407139
658 367.5445636253162
660 341.0067207969731
662 357.05452517078675
664 337.7171457432627
666 329.72637094275524
668 325.326531307044
670 323.34369725180784
672 341.1894324022363
674 347.63269021993983
676 327.61989262663894
678 310.34147048334125
680 333.61929468807125
682 327.21993192727166
684 329.1297455874041
686 320.1853920343667
688 306.50331371321545
690 327.81247426528165
692 307.06443611698234
694 324.6978710741731
696 319.31713058375925
698 311.1938982133849
700 316.8785128660762
702 303.1285085101472
704 315.13611159152174
706 334.33280875366813
708 323.33896562144
710 320.7499119022881
712 328.30656386328917
714 367.2826060834143
716 356.5981943154577
718 399.3155665954489
720 422.3986648063564
722 477.4528391564391
724 533.8734392466038
726 595.8630543902525
728 638.882151915371
730 712.1570884718624
732 715.9930070793977
734 738.7041543868484
736 682.9582614449047
738 630.7642892382823
740 561.2680670720686
742 514.74752330806
744 454.12515747129544
746 427.4065015942667
748 393.22833750891846
750 367.81973994455245
752 360.63310751300173
754 315.2653239070565
756 316.72751813168327
758 313.5803741681125
760 295.5092202579069
762 279.57007973976425
764 261.4870423205457
766 288.9004827373869
768 280.80388955169667
770 277.75763621679357
772 279.25796137156044
774 243.00539002662416
776 243.0122669472886
778 254.9204256668647
780 244.67892317104872
782 257.7619014252239
784 247.36977136358047
786 261.2705841287699
788 271.3628022606777
790 237.944974781429
792 248.6983981783733
794 232.71021317841564
796 250.32980851312385
798 269.6649766584143
800 270.99291362320463
802 261.7114185416995
804 253.14054368114313
806 238.63468991993935
808 251.99857964407724
810 252.13758777889717
812 257.82080677732665
814 273.3979026516081
816 261.0734954644672
818 244.72310318202165
820 261.0962338329409
822 251.23596321372668
824 275.1852032800126
826 264.06253522092504
828 272.2590866709684
830 253.34388228385387
832 250.77802162564745
834 259.53451008502117
836 250.75621820900443
838 276.4020076018746
840 290.97939826607495
842 257.4159830425284
844 261.8479086259693
846 294.35001021829464
848 279.3500509493774
850 303.188900959805
852 282.3074942635136
854 293.47657396208865
856 277.98964168004125
858 316.96590712589625
860 311.65920434202064
862 294.63107113764937
864 307.90171168590547
866 300.4593882498727
868 335.5218718628332
870 343.8589016942467
872 351.05598345624196
874 336.6827689862172
876 376.63125963316725
878 374.7332978749317
880 388.82074706646597
882 405.0394580603411
884 390.43421185607247
886 429.5227780356179
888 444.3575082553357
890 444.50819288933303
892 457.03638836695734
894 505.89836371887736
896 499.0000502860105
898 545.9055734420524
900 568.6202439711175
902 568.3242295655548
904 596.1571917158083
906 577.2591605210389
908 596.647214121776
910 577.4711296394026
912 556.1067155877626
914 555.2608525886187
916 511.10054088914177
918 527.9454473146491
920 493.5481992089775
922 476.04476335414597
924 466.8427032204528
926 425.2356292798618
928 426.8703313988215
930 413.01025619383677
932 420.31514332238993
934 385.00384213005486
936 370.0352730118216
938 370.0055069541893
940 376.9960123196041
942 357.25201673601725
944 378.9750168819828
946 338.57688204914456
948 369.33808578229707
950 349.74300055316763
952 342.17247924924436
954 353.0017359059707
956 329.5082453511672
958 323.3540603477974
960 340.7470611568002
962 350.94392718455947
964 322.7759834925239
966 340.93110046395805
968 337.3247393217842
970 345.23818313338876
972 316.42947296237236
974 332.5345152897129
976 316.3671519319011
978 326.3397673799947
980 341.0533694936748
982 340.5226140251342
984 341.4700673994817
986 351.15690882962366
988 328.7909388019974
990 345.2938504769951
992 338.3889230944241
994 325.5671911033319
996 336.67283211877947
998 349.77647853434485
1000 343.42965316545974
1002 350.8945479553052
1004 349.8235497924097
1006 340.56620877899985
1008 333.6654364969823
1010 338.4058192048355
1012 327.8983261376612
1014 327.29754586387315
1016 355.9418409685887
1018 335.27448375104245
1020 364.69975758880787
1022 350.14350750320637
1024 342.3380855433092
1026 358.9600542469965
1028 346.7152585991766
1030 361.3968963606191
1032 366.22675367262104
1034 357.72627031962645
1036 337.63244691142086
1038 354.66324399744855
1040 353.3817025821528
1042 373.3963346886638
1044 362.0072054737145
1046 351.6825900065868
1048 366.0179997910192
1050 348.29912041189135
1052 375.69679170229557
1054 347.69602246151675
1056 346.6702829901171
1058 354.99246018616094
1060 359.22355681765004
1062 357.78905018391333
1064 360.2902141109757
1066 358.78125213973607
1068 368.6552252326403
1070 357.45563780170727
1072 365.8134547532657
1074 380.4987685063684
1076 382.5772313625175
1078 365.9742185191044
1080 396.35221360463714
1082 369.6247496386737
1084 370.6536957515661
1086 363.1015164156644
1088 373.48272795631465
1090 366.96389559413444
1092 379.398085209638
1094 396.67662568688945
1096 389.73505549215395
1098 373.676309557892
1100 403.8838063818106
1102 401.24689768915664
1104 387.23634845897715
1106 379.3486578468474
1108 384.81822451757546
1110 392.4031405887436
1112 382.7894905144423
1114 415.2634433310827
1116 415.82108636832686
1118 416.5344018284933
1120 397.4189846210095
1122 414.6828961026626
1124 386.046366632157
1126 407.26559476362786
1128 399.2532853075782
1130 396.32051372636977
1132 391.3296978540477
1134 398.0695176258607
1136 420.3306948561283
1138 421.43799420383635
1140 429.3707298855808
1142 404.43332599681133
1144 416.36235462675404
1146 416.71097629892404
1148 418.7865483150217
1150 409.4377714874498
1152 406.5635200477448
1154 432.5764380533866
1156 440.75492976340485
1158 431.09602150881835
1160 441.27584691458196
1162 410.48812780749563
1164 428.6994943958276
1166 431.3782757609704
1168 428.2566076737717
1170 445.7304523051784
1172 425.4300618326095
1174 436.75189808710115
1176 448.7189060213634
1178 432.2318053802894
1180 434.97209011470574
1182 454.44292863647365
1184 445.0760449457531
1186 456.83639962819956
1188 452.90936379604614
1190 446.0948565939798
1192 464.3278238586555
1194 466.9597379403068
1196 457.829334169612
1198 450.539637012751
1200 441.1947684587929
1202 448.74887714204004
1204 473.5651224639238
1206 452.918144136327
1208 461.11347119550413
1210 464.4703996663903
1212 465.2532446232835
1214 477.87233099401055
1216 456.718117590885
1218 483.691707508389
1220 469.994798662436
1222 467.4845186060884
1224 472.4374575353237
1226 464.7224307635433
1228 492.5230685582363
1230 491.98132902459747
1232 470.38587892219533
1234 473.02625502032856
1236 478.43127081372586
1238 476.1496825100811
1240 471.87021922831434
1242 497.7656524964714
1244 486.3634186728587
1246 506.83013279556064
1248 501.73750010021575
1250 499.93834146558265
1252 502.7562115449967
1254 489.38741961526125
1256 490.46437566768043
1258 502.06540761513304
1260 502.8512051731646
1262 494.7953691175384
1264 514.6725059143697
1266 496.6528025089216
1268 500.0543466373436
1270 525.8446183407434
1272 502.06489139150955
1274 508.376674383416
1276 504.639887286602
1278 498.677638859575
1280 513.5600161238098
1282 514.6151669314286
1284 507.4689133703123
1286 525.041014418792
1288 533.6357605623259
1290 509.8698781369395
1292 539.0711204957477
1294 506.4950128117091
1296 537.290764444714
1298 520.4494721990461
1300 543.8524013095073
1302 543.9594843206684
1304 522.7691116263394
1306 523.2533282861809
1308 528.2421974302645
1310 539.4272970314818
1312 533.435718941106
1314 530.5131610907201
1316 546.9189608329486
1318 556.2416070551241
1320 555.0840385359365
1322 556.043004971977
1324 536.8952773944948
1326 534.286278464147
1328 555.0840744195538
1330 540.6726206829852
1332 540.1802663116216
1334 541.2116077198275
1336 546.1682186342634
1338 553.4362187107598
1340 573.7063085456131
1342 578.2086878933474
1344 563.9503147396309
1346 549.0938082500278
1348 568.6366524828182
1350 583.8002964303968
1352 558.3663314553098
1354 560.2779200488617
1356 557.4593198168327
1358 588.3319003686381
1360 572.5195811536148
1362 562.6020769880188
1364 594.9448135756865
1366 584.6181433979752
1368 565.9159784001456
1370 593.5282614720577
1372 575.6956415788978
1374 584.7982804599657
1376 577.3396366803611
1378 591.4250137952296
1380 589.052195470989
1382 605.7888870197464
1384 588.966628670432
1386 607.7227786380538
1388 599.5283113433081
1390 605.8878575811808
1392 592.5130410030364
1394 601.5531231838384
1396 622.1426917017452
1398 620.0553306950712
1400 612.0800532872615
1402 597.8897334491728
1404 625.6606754853193
1406 604.2588241550791
1408 596.7282884562459
1410 612.5568125892487
1412 637.9358288535502
1414 603.9921513621356
1416 631.434056827669
1418 617.6271766159635
1420 611.3328470053959
1422 644.8518543379253
1424 626.024788644387
1426 649.4906976276536
1428 639.3352178286189
1430 624.875315464524
1432 627.2466775536502
1434 649.724350783765
1436 649.5456422759925
1438 636.3486511443754
1440 659.6116184049177
1442 659.0097925373416
1444 650.4199979322027
1446 667.0149844270925
1448 639.8812845280269
1450 659.7863351548558
1452 647.087068157239
1454 666.4465899304
1456 673.3651653178764
1458 674.4205277866704
1460 664.2167659227083
1462 652.9673780554649
1464 681.3665568074529
1466 679.216063964014
1468 684.0868269526915
1470 687.556309119942
1472 684.112535272508
1474 655.2409287563181
1476 693.3575763745913
1478 670.7398205009753
1480 672.4979720212483
1482 687.8417331041113
1484 666.4576680487099
1486 700.6872979760456
1488 701.8786991089308
1490 675.2722953580433
1492 676.7440200110107
1494 694.4646774204789
1496 689.9533492982276
1498 697.9170094111812
