200 50.360317600303354
202 17.609684399355007
204 27.469941815318773
206 36.34107667616232
208 16.402035168711038
210 35.348066996686676
212 55.1862866738143
214 44.208254010458546
216 52.69552716495584
218 30.540176998030446
220 41.23492228459688
222 21.44535906903974
224 33.71705690032358
226 32.535813801163926
228 49.74674982203456
230 43.05117813684795
232 36.50865944530479
234 28.27190898825215
236 47.363369942840535
238 41.69561330530232
240 31.528664864643822
242 52.17835756378845
244 37.13258081323568
246 23.861675392745255
248 22.19212036688836
250 35.29726480757651
252 35.31614374682254
254 39.99033941561807
256 32.293098500811695
258 47.12686119959558
260 37.373660001614205
262 39.26022303017139
264 32.17078329740367
266 28.759864221621385
268 59.436730997626256
270 57.26256071749489
272 61.38916856714197
274 31.49867001378875
276 29.37599004257712
278 62.63009454986438
280 44.68187814018975
282 43.228551339263454
284 52.564759182613955
286 31.54166614002741
288 62.142501122411716
290 61.522698504216415
292 43.15630437814079
294 61.79250677903618
296 52.06430486834837
298 55.262301255351176
300 49.03550635749478
302 38.19819880714424
304 46.81016905480145
306 35.651524583171835
308 63.56875846113054
310 64.94559546564179
312 35.42649190902616
314 59.8634081011782
316 66.03780375015035
318 56.90029299894444
320 49.18072530224611
322 57.12225156031063
324 38.42114198954538
326 43.15512046024983
328 69.55411333969226
330 68.85998068234349
332 75.80147915224359
334 40.87187100276884
336 65.17078010551623
338 64.92957031964966
340 61.78036472449588
342 71.26940007663178
344 62.84855188998162
346 67.21595889028566
348 75.54897018012808
350 81.65131694519809
352 66.07429380276841
354 49.28125445010848
356 51.543261050293324
358 46.469128425564236
360 59.98009040205381
362 78.800392748924
364 51.11224959166712
366 65.10888102646219
368 79.21022454396369
370 54.15172387870676
372 71.8318982796246
374 51.01522524040091
376 49.91656586403449
378 50.40312327144936
380 52.465150590487546
382 52.927287285720396
384 67.85487583078343
386 89.07545503831665
388 81.35199035945405
390 74.87172314874084
392 68.2292800203319
394 93.25563087308845
396 55.97515577399808
398 87.9196944852708
400 61.62255749953998
402 85.59192087949714
404 63.92652781151969
406 73.92925807719539
408 88.42376226620362
410 98.77013366163365
412 66.77842511296092
414 79.57449690921202
416 85.05027554695712
418 80.14374914665876
420 64.90602887947651
422 67.20804952551956
424 99.90692660996837
426 104.08390925070063
428 83.37728540204236
430 101.87032799170899
432 99.27650698575403
434 91.40631373816831
436 73.5420363334637
438 84.39361196342483
440 72.24430739741666
442 97.1957391657298
444 74.41942548654748
446 97.47109336292658
448 100.7846929812696
450 106.5345742190496
452 82.3493197181715
454 111.62602092683184
456 111.08778723944388
458 99.95990197705875
460 77.60152757477661
462 104.35104034643854
464 90.93033875030363
466 86.58225422606968
468 98.96238581027714
470 120.12304147629268
472 95.37424291363374
474 96.14207140090626
476 104.96923634582268
478 112.8990496462352
480 123.55923008133564
482 89.91082303034423
484 92.04596215958865
486 96.84916425768884
488 98.5590735194669
490 126.49452892788543
492 97.8173590860973
494 109.90281260242146
496 122.99603390738582
498 129.6229677106021
500 98.364975192008
502 129.13391806087577
504 131.4903077957801
506 133.93516424429458
508 103.04101826907393
510 133.82916061335223
512 141.98599001384886
514 131.84003428540558
516 109.37705875485764
518 137.57159413718225
520 109.81754380712476
522 134.59180925739395
524 130.76075693425588
526 140.08351311090462
528 120.68860903188286
530 132.292748911641
532 146.21296823683883
534 122.63964732800952
536 151.61728250938216
538 142.73771833954248
540 135.52479490726284
542 132.17640516576438
544 147.0632116267672
546 164.0360980903337
548 158.52060816569013
550 155.94739834765534
552 164.76216346996185
554 149.68377087556541
556 141.12658049792861
558 180.6834994944187
560 147.6165948651676
562 150.14751278062238
564 181.01294450973487
566 180.23448195974893
568 168.9028854860569
570 172.66104440524515
572 169.45668324747098
574 178.79368753827015
576 194.79630505656547
578 175.64151493095824
580 209.49970525114537
582 175.94370948952655
584 207.37299073671397
586 209.84210528186338
588 216.48083433389112
590 211.1591630838729
592 219.34001571858335
594 223.4997490132883
596 230.8871720396176
598 243.34910107829282
600 227.05926047317587
602 224.51413223137476
604 247.3622735329404
606 239.4367451902719
608 250.0990773183475
610 266.44285751315505
612 244.00128567103508
614 285.8128262310497
616 282.91957625751377
618 298.25698279897415
620 296.5019332029309
622 300.77766545732476
624 298.78421485079394
626 306.32820025622385
628 299.37863947459937
630 333.1810209605238
632 338.5619088518733
634 318.90987792199144
636 313.4728691169653
638 347.17765876990677
640 346.689212238942
642 347.29843759180966
644 356.473654614524
646 348.3343743497567
648 359.8743071041084
650 339.5322506310192
652 372.854912524483
654 350.5997575924308
656 366.38717553332566
658 370.7981640501014
660 344.2505472769608
662 360.2845468441524
664 340.93059745989797
666 332.92189915945625
668 328.5043284941157
670 326.50563135228595
672 344.3391803660842
674 350.77588705967753
676 330.7643099632144
678 313.49724142591697
680 336.7992054763427
682 330.4398055369569
684 332.40894909027395
686 323.54750876230764
688 309.97703436666126
690 331.43277966149424
692 310.87417060715484
694 328.7498430672807
696 323.67692977353227
698 315.9436945185098
700 322.12220845550917
702 308.99876221183285
704 321.8039546713674
706 342.02082398104966
708 332.33927625698186
710 331.4483942726191
712 341.2143619195732
714 383.0741167254793
716 376.14849479555687
718 423.71338560565954
720 452.8701591843968
722 515.0461240350428
724 578.6234036998001
726 645.132077656536
728 685.2497476014996
730 743.344930319688
732 720.5766481491781
734 715.0985594437586
736 640.8758457281779
738 583.0693847150771
740 516.7644305406809
742 477.08875152356126
744 423.7573373465119
746 403.4314204192217
748 374.4234711142424
750 353.05215153772167
752 348.9768363269535
754 306.0022411462749
756 309.31272753994807
758 307.60330097727706
760 290.6602599836399
762 275.61461989955046
764 258.2460409793861
766 286.23620095072283
768 278.6094698056895
770 275.9494852036071
772 277.7701590105005
774 241.78556023044152
776 242.01850575918104
778 254.11899824590782
780 244.04252356391555
782 257.26832738527617
784 247.00090770387766
786 261.01161731563917
788 271.2016097650104
790 237.87164761637226
792 248.70486581031452
794 232.789947817352
796 250.47759151568374
798 269.87671400553546
800 271.26549058316914
802 262.04258599471524
804 253.5288303760734
806 239.07933630989382
808 252.49949001637424
810 252.69529823779487
812 258.4364673152974
814 274.0732721022122
816 261.81094860183947
818 245.52564964581705
820 261.9675489352071
822 252.1804310438729
824 276.20797288176396
826 265.1695909854291
828 273.45733448695944
830 254.64125342279434
832 252.18359683120735
834 261.0586668967885
836 252.41080519510479
838 278.2005499193758
840 292.9373398257413
842 259.5509715365097
844 264.180130787122
846 296.9025859081374
848 282.14949598368946
850 306.26566989952755
852 285.69661557524495
854 297.21839072021885
856 282.1306708823349
858 321.5598289579543
860 316.7679880940179
862 300.3262349168276
864 314.26569534859266
866 307.58698803294925
868 343.5216332259182
870 352.85428213821734
872 361.18596239904605
874 348.10137325453974
876 389.5051600436353
878 389.23618100671524
880 405.12255339871405
882 423.28782424268604
884 410.72469815707706
886 451.8540849742106
888 468.56870713174965
890 470.1984348358717
892 483.47550177858056
894 531.9504941574293
896 523.1000488134584
898 566.1400263557059
900 582.9543985605831
902 574.966387602099
904 593.9711343173894
906 566.0707948895797
908 577.3065840032967
910 551.637901089619
912 525.8576843781036
914 522.6804301299986
916 477.9814741672594
918 495.6444682254529
920 462.9722210415795
922 447.7148927928862
924 440.9875602097593
926 401.88283206726317
928 405.92172057230255
930 394.2974270834193
932 403.6373354384191
934 370.152097147364
936 356.8067843701304
938 358.2113788662564
940 366.4648079408834
942 347.8307450108997
944 370.5286496815929
946 330.98709731464714
948 362.50166457399166
950 343.5701309100701
952 336.58510859604394
954 347.93204495547616
956 324.89727508210353
958 319.1504996403187
960 336.90618946082685
962 347.4266999521893
964 319.54824535304897
966 337.96291059377825
968 334.5897941409153
970 342.7133227309593
972 314.0942591549854
974 330.3708707449067
976 314.35905123558524
978 324.47297223998027
980 339.315201432706
982 338.90175892613576
984 339.9564071327136
986 349.74137593018384
988 327.46539079213517
990 344.0509609562452
992 337.22208716576165
994 324.47044307801923
996 335.64077375736724
998 348.804216345896
1000 342.5127435095858
1002 350.0289488788667
1004 349.00557869048635
1006 339.7925051027973
1008 332.9329288437286
1010 337.71169621979084
1012 327.24001073891765
1014 326.6726723689866
1016 355.34823476021165
1018 334.7101431682337
1020 364.16283777293404
1022 349.6323059634634
1024 341.851029237812
1026 358.4956880019156
1028 346.27223471120544
1030 360.9739652476877
1032 365.82275545471083
1034 357.34012722617706
1036 337.263156424489
1038 354.30987265076755
1040 353.0433803457838
1042 373.0722498772361
1044 361.6966001234895
1046 351.384755672898
1048 365.73227372316876
1050 348.0248820674186
1052 375.43345956678104
1054 347.4430511438119
1056 346.42716056617104
1058 354.75870576750646
1060 358.99871832316086
1062 357.57270229569986
1064 360.0819563972787
1066 358.58070732944776
1068 368.46203762764696
1070 357.26947181464357
1072 365.63399355950816
1074 380.3257128002002
1076 382.4102982083813
1078 365.8131402897375
1080 396.196736998672
1082 369.4746347709871
1084 370.50871531029264
1086 362.9614548803542
1088 373.3473808722243
1090 366.8330688980953
1092 379.2715946033584
1094 396.5542960539157
1096 389.6167203550519
1098 373.56181057250865
1100 403.77299286575175
1102 401.13962618185985
1104 387.13248231098447
1106 379.2480668360833
1108 384.7207844906205
1110 392.30873312525955
1112 382.69800261305653
1114 415.17476711517793
1116 415.73511881030674
1118 416.4510444912098
1120 397.338143415141
1122 414.60448105892846
1124 385.9702916873393
1126 407.19177755945236
1128 399.18164700157826
1130 396.2509788139233
1132 391.26219400083914
1134 398.00397551007507
1136 420.2670480197366
1138 421.3761789123778
1140 429.31068499589134
1142 404.3749928321877
1144 416.3056768590785
1146 416.6558998373106
1148 418.73302120057286
1150 409.38574379374455
1152 406.512943786703
1154 432.52726708618013
1156 440.7071197161089
1158 431.04952969251536
1160 441.230632249653
1162 410.44415075184867
1164 428.6567168768309
1166 431.3366611108736
1168 428.2161205684124
1170 445.6910587057829
1172 425.391728930512
1174 436.714594251214
1176 448.6826007482441
1178 432.1964692466568
1180 434.937694732271
1182 454.40944660895633
1184 445.0434498279631
1186 456.80466588707174
1188 452.87846677352184
1190 446.06477247163616
1192 464.29852962398866
1194 466.9312113545812
1196 457.80155373719344
1198 450.51258195184545
1200 441.1684186735179
1202 448.7232131957597
1204 473.54012555378245
1206 452.8937960689205
1208 461.08975436363096
1210 464.44729702682764
1212 465.2307396755377
1214 477.85040775999283
1216 456.69676059546697
1218 483.67090176079444
1220 469.9745296384283
1222 467.46477223091506
1224 472.418220167381
1226 464.70368917872696
1228 492.5048099349451
1230 491.96354092935917
1232 470.3685492958853
1234 473.0093721649538
1236 478.41482337974713
1238 476.1336594842497
1240 471.85460992199825
1242 497.7504465344497
1244 486.3486059825622
1246 506.8157035967388
1248 501.72344489501063
1250 499.9246510289917
1252 502.74287691570726
1254 489.37443208684
1256 490.4517267801025
1258 502.05308914663556
1260 502.8392091324109
1262 494.78368773607934
1264 514.6611316393893
1266 496.64172799625453
1268 500.04356474475355
1270 525.8341221214508
1272 502.05467408795835
1274 508.3667294212692
1276 504.6302082689569
1278 498.66821956138864
1280 513.5508504865262
1282 514.6062490577988
1284 507.46023751940095
1286 525.0325750011606
1288 533.6275521353881
1290 509.8618954004791
1292 539.0633582875947
1294 506.4874661035666
1296 537.2834283381302
1298 520.4423419215257
1300 543.8454722107563
1302 543.9527518689683
1304 522.7625714050452
1306 523.2469759903364
1308 528.2360288633338
1310 539.4213081021896
1312 533.4299056603843
1314 530.5075195687559
1316 546.91348727633
1318 556.2362977640803
1320 555.0788899016692
1322 556.0380134740777
1324 536.8904395984478
1326 534.2815910189121
1328 555.0795340552277
1330 540.6682242085376
1332 540.1760106127041
1334 541.2074897566521
1336 546.1642354395482
1338 553.4323673877394
1340 573.7025862661123
1342 578.2050918959142
1344 563.9468423277282
1346 549.0904567902812
1348 568.6334194033179
1350 583.7971792190516
1352 558.363327658252
1354 560.2750272689
1356 557.4565357119526
1358 588.3292226505475
1360 572.5170075863336
1362 562.5996053865106
1364 594.9424418045312
1366 584.6158693700817
1368 565.9138000755015
1370 593.526176856517
1372 575.6936487230043
1374 584.7963774578095
1376 577.3378216684704
1378 591.4232849514933
1380 589.0505510136109
1382 605.7873252062298
1384 588.9651477965931
1386 607.7213770370639
1388 599.5269873847625
1390 605.886609670194
1392 592.5118675793642
1394 601.5520227210231
1396 622.141662706286
1398 620.0543717056171
1400 612.0791628738266
1402 597.8889102123748
1404 625.6599180556369
1406 604.2581311921319
1408 596.7276586480925
1410 612.5562446517051
1412 637.9353215295264
1414 603.9917034209897
1416 631.4336670645797
1418 617.6268438513191
1420 611.3325700841998
1422 644.8516321292169
1424 626.0246200406792
1426 649.4905815443842
1428 639.335153203617
1430 624.87530125749
1432 627.2467127456508
1434 649.7244343767399
1436 649.5457732922747
1438 636.3488286262241
1440 659.6118414140633
1442 659.0100601545419
1444 650.4203092568116
1446 667.0153385766389
1448 639.8816806378046
1450 659.7867723775238
1452 647.0875456624327
1454 666.4471069043514
1456 673.3657209630437
1458 674.4211213213782
1460 664.2173965807956
1462 652.9680450859425
1464 681.3672594741694
1466 679.2168015453295
1468 684.0875987411604
1470 687.5571144220025
1472 684.1133734081803
1474 655.2417990589095
1476 693.3584781904079
1478 670.7407531890423
1480 672.4989349530358
1482 687.8427256632672
1484 666.4586896307991
1486 700.6883479882957
1488 701.8797769699842
1490 675.2734004977141
1492 676.7451518700487
1494 694.4658354503389
1496 689.9545329608435
1498 697.918218178746
