200 49.12595262304297
202 16.363670872843358
204 26.212121293594883
206 35.07128788965735
208 15.120113961836328
210 34.053846263771796
212 53.87959629334437
214 42.888920777558134
216 51.36337472206503
218 29.195025763716657
220 39.87658938044399
222 20.073658244554146
224 32.33179845579431
226 31.136804508412105
228 48.33379284298475
230 41.62407293985178
232 35.06720171914445
234 26.815890553748947
236 45.89257866199068
238 40.20983298785947
240 30.027675172064725
242 50.661933910455005
244 35.60049426486347
246 22.31369256188524
248 20.628003305424667
250 33.716770896119996
252 33.71902558089552
254 38.376344688521854
256 30.66196988306432
258 45.47833621482275
260 35.70747089877192
262 37.57609665197396
264 30.468440944825936
266 27.039021514338604
268 57.697097730249965
270 55.503840711457165
272 59.6110595180747
274 29.700863334238402
276 27.558170699888993
278 60.79194089906356
280 42.82306175167898
282 41.348736821150816
284 50.66360399747542
286 29.618820415901332
288 60.197607457813916
290 59.555391766955594
292 41.16621149770486
294 59.7792465323103
296 50.02748765841548
298 53.201528883114946
300 46.950371785854124
302 36.08828591743648
304 44.67505239521935
306 33.49076910884649
308 61.38191926555912
310 62.73221750312455
312 33.18610970776285
314 57.59554546665778
316 63.74197345845241
318 54.575996479552856
320 46.827452309958005
322 54.73947983580449
324 36.00833690815253
326 40.71173466845246
328 67.07958637884929
330 66.35373859912252
332 73.26293409521305
334 38.300420804578465
336 62.5658078500677
338 62.29044389363064
340 59.10643635262101
342 68.56000583990257
344 60.103011226244774
346 64.43357407633383
348 72.72902579455084
350 78.7930793111522
352 63.17701040979533
354 46.344153354084625
356 48.56555025055255
358 43.449995218184654
360 56.91870070825015
362 75.69589041743345
364 47.96375567396011
366 61.915493023550034
368 75.97101562351205
370 50.86574206109691
372 68.49816559153483
374 47.63273683440502
376 46.484289102636005
378 46.919996773886645
380 48.93008324055645
382 49.33915719876763
384 64.21252927792474
386 85.3777053258289
388 77.59761666117873
390 71.0594692892189
392 64.35785320626417
394 89.32370037058345
396 51.98135152892766
398 83.86260568390477
400 57.500731066471744
402 81.40385990970347
404 59.6706899332187
406 69.6040537419757
408 84.0275529626953
410 94.30123004877582
412 62.235085068691475
414 74.95492349016094
416 80.35261485446499
418 75.3660880941654
420 60.04639285603009
422 62.26439994984226
424 94.87715836918059
426 98.96584801744842
428 78.16868482339302
430 96.56886674277321
432 93.87978568056107
434 85.91185168985794
436 67.94726815536559
438 78.69588400206976
440 66.44087398796118
442 91.28375869967522
444 68.39595628099194
446 91.33308931990284
448 94.52899902498757
450 100.15792149807831
452 75.84832055875637
454 104.99716352264628
456 104.32743006211433
458 93.06426789077561
460 70.56669763720541
462 97.17294727696955
464 83.60476004542124
466 79.10480490027601
468 91.32851073956479
470 112.32800731961984
472 87.41312958620634
474 88.00976307130802
476 96.66041192714675
478 104.40817274935478
480 114.88053839629396
482 81.03831709954063
484 82.97339350397728
486 87.57002281457972
488 89.06657434771847
490 116.78159813329205
492 87.87661891659707
494 99.72656565936839
496 112.57624641554104
498 118.95125178568944
500 87.43257004064878
502 117.93167004345818
504 120.00864927832939
506 122.16409116069377
508 90.97006631004223
510 121.4473799534345
512 129.28191848231614
514 118.80166888144012
516 95.99182540173018
518 123.82631556436837
520 95.6984054435143
522 120.0843230129999
524 115.84972274223034
526 124.75297809634691
528 104.92182416904328
530 116.0721230268843
532 129.52001921138842
534 105.45495035235754
536 133.9204152407059
538 124.50720281498363
540 116.73803607007699
542 112.80962586882822
544 127.09138398958945
546 143.43287110256932
548 137.25823145344032
550 133.99664205002196
552 142.09223421418895
554 126.26222389174922
556 116.91922798122884
558 155.65431540693152
560 121.72761647463933
562 123.35873936311937
564 153.28223380305536
566 151.51744514936462
568 139.15278174214717
570 141.82867627529538
572 137.49029455226363
574 145.63886582916945
576 160.39589117894351
578 139.93552281331498
580 172.42525571326232
582 137.43498264712397
584 167.36120248501237
586 168.2555143747294
588 173.2447877439467
590 166.19618863152346
592 172.56997238534035
594 174.8400468857615
596 180.25307542691326
598 190.65412994627724
600 172.2157068535306
602 167.43370956359763
604 187.95691781000588
606 177.61958707704952
608 185.78560381085848
610 199.5522798608004
612 174.45812679281403
614 213.5487352820826
616 207.8753698993492
618 220.38490169768787
620 215.76808804636931
622 217.16462929313997
624 212.29369809042743
626 216.98372203179315
628 207.22808553360807
630 238.29895596072882
632 241.0514924492748
634 218.90422260615753
636 211.13567670718825
638 242.70298491213958
640 240.30023628164767
642 239.24515941814627
644 247.02949875558596
646 237.79175093621282
648 248.53925257104532
650 227.7183405861253
652 260.8766963512736
654 238.7660016482201
656 254.99421398957202
658 260.1236416033396
660 234.54779790945815
662 251.77779262251642
664 233.8110784090809
666 227.34496782178024
668 224.58746863050357
670 224.32729542651
672 243.93828864409596
674 252.15179344970085
676 233.8770148734274
678 218.26761683782655
680 243.10898776454138
682 238.13110216354102
684 241.28299051493516
686 233.36235060201196
688 220.44387011134626
690 242.2104528342959
692 221.56136654442307
694 238.87428015286952
696 232.6806380241184
698 223.1631377794356
700 226.761535919327
702 210.09381245658784
704 218.17371398202727
706 232.20178928523228
708 214.49655504735722
710 203.2555042963884
712 199.6921568015757
714 224.37993155177818
716 195.3146266757526
718 214.36231480074935
720 207.0118021290013
722 223.24560079892294
724 231.17896793808353
726 235.31870775493948
728 215.3567995177441
730 231.34096796864344
732 200.24966840283454
734 224.35525674278327
736 206.331747487041
738 214.24264020898428
740 210.57334545486697
742 224.79373579330434
744 215.60871768573634
746 230.73434337101057
748 230.10327862367873
750 231.58456546032448
752 246.12454143210041
754 218.5371418803445
756 234.78132757070915
758 244.1447420429568
760 236.87082450578038
762 230.4491958902517
764 220.9479306534501
766 256.28858930971523
768 255.70379349287634
770 259.9675832970114
772 268.77845408303506
774 240.04070576852996
776 247.9850629878549
778 268.5008931675941
780 267.83140167344766
782 291.81356488252675
784 294.10796204510837
786 323.0773347863859
788 351.39599062030095
790 340.37226338694234
792 378.97439128944944
794 397.8393577247848
796 458.9357455721346
798 531.4247398386152
800 594.5716270158625
802 650.1141036686873
804 696.7698028224947
806 710.7928090158374
808 714.6933788121686
810 671.4919237953638
812 615.7729420664164
814 567.5609074280908
816 498.07003637517164
818 434.1474001815717
820 412.27006867815544
822 372.03033870354307
824 371.8521545284714
826 341.43744523280486
828 334.0450242565281
830 302.37267172733704
832 289.22063926904895
834 289.06169332280604
836 272.65819279367213
838 291.676905927774
840 300.3984028864508
842 261.57135732297576
844 261.1884544406653
846 289.2072354665642
848 269.95740044379386
850 289.69573135776034
852 264.78898976002546
854 271.94045098178935
856 252.38023839835728
858 287.16606941113173
860 277.49024455155904
862 255.85097776812285
864 264.2017192396955
866 251.45897579275862
868 280.76224868027174
870 282.7950684698901
872 283.04754500552673
874 260.98384871021335
876 292.3801711517198
878 280.9431309484032
880 284.37281210767037
882 288.68271632397153
884 260.7955065892226
886 285.13492379966203
888 283.7149399944665
890 266.1623119178328
892 259.7435003178722
894 288.82944920947364
896 262.00961026599106
898 289.8328881681496
900 295.5616217330862
902 281.7810472050453
904 300.95678874908924
906 279.1906022035724
908 301.8524080091079
910 291.7387496534809
912 284.2633039224503
914 300.80655305910494
916 276.1299474557959
918 313.29558184492794
920 299.0706785150526
922 300.90695520707015
924 309.7964444657823
926 284.826841218018
928 301.5867696794043
930 301.3766301254148
932 320.94849239241177
934 296.64129793541963
936 291.54389705760707
938 300.3812477224528
940 315.35657968935374
942 302.82677933122
944 331.093839637894
946 296.6590270279655
948 332.8817884835451
950 318.3160167861261
952 315.40370794123265
954 330.5739150974839
956 311.15166138355124
958 308.841183915363
960 329.8880157668767
962 343.58269771892856
964 318.78728014929993
966 340.21780349712327
968 339.815861031088
970 350.8872945945984
972 325.2135535948837
974 344.4531933819368
976 331.442313696283
978 344.61552109690444
980 362.5963599904943
982 365.422691320442
984 369.8413220398856
986 383.1390954909467
988 364.55131936131323
990 385.02949824060045
992 382.32954144645475
994 373.97851277126927
996 389.860679759705
998 408.09158358934343
1000 407.2733479391257
1002 420.7254654421913
1004 426.1654862575136
1006 424.0173241468859
1008 424.9089846522943
1010 438.22260982751015
1012 437.18111399563276
1014 447.0675098485315
1016 487.3672330168064
1018 479.69136452884254
1020 523.634440704157
1022 525.3358301068038
1024 535.7637973150722
1026 572.849310117374
1028 583.5622061881086
1030 623.9524325675059
1032 657.4625006896944
1034 680.7527454491329
1036 695.5489659334229
1038 750.3133128594257
1040 788.9897288601751
1042 850.0763812473285
1044 879.1705613907902
1046 906.4321703370782
1048 952.6923745207127
1050 958.3789653925066
1052 998.2535846485821
1054 970.4109704485913
1056 957.2249053997076
1058 942.4591732564891
1060 915.0846059666856
1062 876.385214099899
1064 838.7272671246267
1066 796.4740080665708
1068 766.7219556192681
1070 718.1256651035368
1072 691.9359322340985
1074 675.1794221832001
1076 648.9337867256945
1078 606.9863438308569
1080 614.7797349563144
1082 567.9716779851099
1084 551.1610408448237
1086 527.7569385316792
1088 524.0391025588256
1090 504.9617827320492
1092 506.18908992712045
1094 513.445942507833
1096 497.5223160555835
1098 473.3943565664789
1100 496.33531233767957
1102 487.1389103964887
1104 467.19292768881803
1106 453.92180151615236
1108 454.4972888068427
1110 457.62294933613293
1112 443.9373126839899
1114 472.6849979004469
1116 469.8257141953901
1118 467.3995253137757
1120 445.3939589425553
1122 459.9923407004049
1124 428.893052462928
1126 447.83295151559116
1128 437.7075830765434
1130 432.8127654202997
1132 425.9973216129955
1134 431.0377926432463
1136 451.7140390029607
1138 451.34108764943335
1140 457.88950535508843
1142 431.6558433037361
1144 442.3695745799648
1146 441.5774469341302
1148 442.58101457838455
1150 432.22371795160683
1152 428.3996549244681
1154 453.51712564585097
1156 460.85057754405045
1158 450.3934271905064
1160 459.8185101817428
1162 428.3165307723212
1164 445.8513543272062
1166 447.8887731881521
1168 444.1585925820438
1170 461.0546308081508
1172 440.205165417497
1174 451.0048372792324
1176 462.4749100966392
1178 445.51454956484514
1180 447.80381154571097
1182 466.84453221348866
1184 457.0672000755333
1186 468.43562875486384
1188 464.1341235110354
1190 456.9616120344511
1192 474.8521170273576
1194 477.1562505132543
1196 467.7119452988866
1198 460.1214765795331
1200 450.4882661854251
1202 457.76580793080757
1204 482.3166482936852
1206 461.4148528155783
1208 469.36541224144065
1210 472.4871175536242
1212 473.0438096227157
1214 485.44536780162696
1216 464.08183192767257
1218 490.8539108558969
1220 476.96293128353597
1222 474.26567098701986
1224 479.03839037298434
1226 471.1495936110532
1228 498.78261723194043
1230 498.0791418667581
1232 476.3275720055663
1234 478.81719637350676
1236 484.0765937395607
1238 481.6542980634259
1240 477.2388279139537
1242 503.0027552431076
1244 491.47332713453676
1246 511.81697902780604
1248 506.60524565442245
1250 504.690785941775
1252 507.3970006399755
1254 493.9200527002965
1256 494.8922129273092
1258 506.3916767762371
1260 507.0790078513192
1262 498.9276868056195
1264 518.7122056365703
1266 500.6026421616395
1268 503.91698003685286
1270 529.6225999961329
1272 505.760681020061
1274 511.9926411843835
1276 508.1783139882392
1278 502.1407255532291
1280 516.9498838979513
1282 517.9338613176084
1284 510.71840761222916
1286 528.2232125749008
1288 536.7525004517265
1290 512.9229341376408
1292 542.0622062038079
1294 509.42578356920006
1296 540.1628197439459
1298 523.2643579700131
1300 546.6116120970721
1302 546.6644653575958
1304 525.4212608079029
1306 525.8539980517148
1308 530.7926965567026
1310 541.9288923436136
1312 535.8896369429957
1314 532.9205895224675
1316 549.2810501567167
1318 558.5594718741297
1320 557.358758949881
1322 558.2756278721871
1324 539.0868177018599
1326 536.437720312755
1328 557.1963722887654
1330 542.746700480528
1332 542.2170264101417
1334 543.2119199491958
1336 548.1329292318109
1338 555.3661492314894
1340 575.6022567343298
1342 580.0714285205349
1344 565.7806004028107
1346 550.892370142237
1348 570.4042011297591
1350 585.537522397726
1352 560.0739060274576
1354 561.9564958806988
1356 559.1095315594347
1358 589.9543652703294
1360 574.1148996374164
1362 564.1708332065642
1364 596.4875759446173
1366 586.1354651087748
1368 567.4083979133234
1370 594.9963029915494
1372 577.1398155085036
1374 586.2190838426089
1376 578.7375536209107
1378 592.8005158675935
1380 590.4057421101501
1382 607.1209258993837
1384 590.2775960667338
1386 609.0130997803055
1388 600.7984007518055
1390 607.1381193929966
1392 593.7438692861426
1394 602.7649022400616
1396 623.335796359012
1398 621.2301265893786
1400 613.236897134788
1402 599.0289733089267
1404 626.7826510127006
1406 605.3638668467197
1408 597.8167218864693
1410 613.6289526384817
1412 638.9919839290002
1414 605.032622611034
1416 632.4591383433701
1418 618.6371556371731
1420 612.3280041087922
1422 645.8324636244254
1424 626.9911179192985
1426 650.4430085749436
1428 640.2737661795193
1430 625.8003511606859
1432 628.1584449050498
1434 650.6230886215548
1436 650.431584100483
1438 637.2220252683276
1440 660.4726480923147
1442 659.8586961378044
1444 651.2569890112082
1446 667.8402718921425
1448 640.6950727509134
1450 660.5888240901621
1452 647.8784534572093
1454 667.2270630563047
1456 674.1349136479967
1458 675.1797347210198
1460 664.9656109846051
1462 653.7060369900619
1464 682.095201677333
1466 679.9348632419482
1468 684.7959456116585
1470 688.2559087205009
1472 684.8027740476151
1474 655.9219616936717
1476 694.0295552965879
1478 671.4028941423582
1480 673.1522861045229
1482 688.4874304128025
1484 667.0948884985313
1486 701.31617868405
1488 702.4993744607069
1490 675.8848970730223
1492 677.3486772059435
1494 695.0615166711437
1496 690.5424946994234
1498 698.4985826350623
