200 49.41485047038349
202 16.655380009116833
204 26.506680248724358
206 35.36873588032452
208 15.420490906632892
210 34.35719279875052
212 54.185953787982136
214 43.19833135114377
216 51.675881260524974
218 29.510671936892187
220 40.19541965983412
222 20.395717921538775
224 32.65713366035284
226 31.46546222835316
228 48.66582094370336
230 41.95952018463072
232 35.40611779001743
234 27.158326072943595
236 46.23858521397015
238 40.55946314198218
240 30.38098250588239
242 51.018973033669994
244 35.96132084396709
246 22.67836334549962
248 20.996576150371677
250 34.0893047942414
252 34.09558068664964
254 38.756982347383016
256 31.046752660752148
258 45.867327927389745
260 36.100736643578514
262 37.97370283958169
264 30.870455331840354
266 27.44551323723494
268 58.10813734021578
270 55.919500210287566
272 60.031412395157346
274 30.1259846046666
276 27.98813694374314
278 61.22683030190264
280 43.26295414628551
282 41.793713730574396
284 51.11374867942205
286 30.074217908517475
288 60.65834462691626
290 60.02155735475987
292 41.63789617310889
294 60.256542942789295
296 50.51049048358952
298 53.6903348900516
300 47.44507988617157
302 36.58899722627532
304 45.181870292154464
306 34.00379930081318
308 61.901269851871035
310 63.25799904266448
312 33.71843528843075
314 58.13453077716447
316 64.28773686255099
318 55.12865909280443
320 47.38713807913206
322 55.30631562101947
324 36.58245256786649
326 41.29326314741887
328 67.66866379915845
330 66.95050435445437
332 73.86753094843316
334 38.91299498881533
336 63.18650917341553
338 62.91942584762897
340 59.74385622466951
342 69.2060248297771
344 60.7577945668886
346 65.09729115910623
348 73.40185029912448
350 79.47518934025959
352 63.86858862903491
354 47.04538713700695
356 49.276631829258505
358 44.17112183967873
360 57.6500747968043
362 76.43771974322976
364 48.71625352829426
366 62.67887840089171
368 76.74551341073388
370 51.65158323419948
372 69.29558742021209
374 48.44198309481282
376 47.30561029874513
378 47.753650367821876
380 49.77633389234476
382 50.19827701594082
384 65.08479807544597
386 86.26341089683783
388 78.49705505907677
390 71.97294512164461
392 65.28567994153904
394 90.26620065724018
396 52.938857528967354
398 84.83545942046518
400 58.48928478662735
402 82.40847646315859
404 60.69174316769836
406 70.64192891616474
408 85.08264717762526
410 95.37395269861085
412 63.325858311920356
414 76.06418274226034
416 81.4808093031626
418 76.51368123849764
420 61.213863070460405
422 63.45224107478193
424 96.08588032933397
426 100.19597746949145
428 79.42076583458464
430 97.84346150219793
432 95.1774752448047
434 87.23323676503023
436 69.29296991750223
438 80.06654495807331
440 67.83715887937588
442 92.70635545173562
444 69.84557699954017
446 92.81047133893436
448 96.03490600776252
450 101.69314459492419
452 77.41367962489056
454 106.59350839956218
456 105.95564192630715
458 94.72526067383063
460 72.2614195215365
462 98.90238227177895
464 85.3699296477545
466 80.90676984637064
468 93.16837285203769
470 114.20691145641044
472 89.33226569758874
474 89.97036837171125
476 98.6637731889758
478 106.45562872649114
480 116.9734823854738
482 83.17819964836289
484 85.16172527488662
486 89.80837761480129
488 91.35659233579513
490 119.12498921359344
492 90.27516633393378
494 102.18212980665807
496 115.09076886833569
498 121.52675957828899
500 90.07118019949394
502 120.63559439451868
504 122.78019954628115
506 125.0056843788098
508 93.8842305609073
510 124.43676046182823
512 132.3492840828905
514 121.9499188851392
516 99.22399688625268
518 127.14559111534801
520 99.10812137447137
522 123.58797809348243
524 119.45098746488864
526 128.45570451493919
528 108.73005634051263
530 119.99010809162948
532 133.55221914660854
534 109.60605443380985
536 138.19535324828036
538 128.9111590170542
540 121.27646402049538
542 117.48826404851368
544 131.91627232172655
546 148.4103683662101
548 142.39503361451187
550 139.29980152100813
552 147.56918004364871
554 131.92078287184222
556 122.76764664492349
558 161.70128286584537
560 127.98228802265007
562 129.8307607389749
564 159.98176596603
566 158.45518937418638
568 146.3400047813857
570 149.27723526735272
572 145.21266126902043
574 153.64814975694247
576 168.7058608072262
578 148.56062436513832
580 181.38062838616455
582 146.73646924189555
584 177.02535407803157
586 178.29958743672188
588 183.68673182214164
590 177.05462239354722
592 183.86414547396657
594 186.58978465897613
596 192.47870326693072
598 203.37637342898762
600 185.45556369839267
602 181.21228896435073
604 202.29524252094012
606 192.53835355305733
608 201.30489584149143
610 215.69123158314497
612 191.23453181256366
614 230.9785999833844
616 225.97241098996614
618 239.15999071362745
620 235.22864899651728
622 237.31399987244473
624 233.1304698587602
626 238.50108045797856
628 229.4131765090038
630 261.13231080065225
632 264.5065478714665
634 242.946974928415
636 235.72450971989258
638 267.7887078066325
640 265.8263611282058
642 265.14843685174026
644 273.24071613407796
646 264.23678027058463
648 275.1403175360394
650 254.39545484285225
652 287.5492113081401
654 265.3541924814357
656 281.4208295021859
658 286.3153467733463
660 260.4364473125112
662 277.301487051172
664 258.91497412045806
666 251.98182587257674
668 248.7179487627463
670 247.9200134048026
672 266.9696668301019
674 274.60574134305705
676 255.74447948762605
678 239.54604264071068
680 263.801723247075
682 258.24678573143854
684 260.834943103635
686 252.3679968522659
688 238.92420460856675
690 260.1895631468472
692 239.06602078824164
694 255.93358364214777
696 249.3257612386151
698 239.42711633516103
700 242.67914239165196
702 225.70149968743954
704 233.50962982747035
706 247.30586356524807
708 229.4106607084687
710 218.0236964805447
712 214.36099565412732
714 238.9988972567533
716 209.93663847995663
718 229.04436983300712
720 221.81575485532238
722 238.23911028036173
724 246.43664808858716
726 250.92352609499895
728 231.40178325640852
730 247.93129367891513
732 217.50523454397205
734 242.41386885721494
736 225.35308689889655
738 234.4132424736463
740 232.11289031674812
742 247.9630540614251
744 240.72006374274014
746 258.16468144032706
748 260.3116098630153
750 265.1347144587719
752 283.71537026247256
754 261.0429272085825
756 283.30609173829066
758 300.0957326147586
760 302.0580696871688
762 307.219832749471
764 312.36472888689406
766 366.3586220447609
768 389.6472834580626
770 424.46880243057905
772 472.03841720351227
774 491.1886642817193
776 554.9824804424036
778 633.4517427271331
780 679.9836941441049
782 722.9853485622683
784 704.3900388902371
786 676.1036818581281
788 625.8593781626694
790 529.6468740621551
792 484.17120471988784
794 421.5034359241438
796 401.7315058067832
798 391.52234910844237
800 369.5433149782149
802 341.78409809336597
804 318.4406098225012
806 292.00398424775454
808 295.6260437198683
810 287.72000100231094
812 286.6827995980361
814 296.58082111809233
816 279.40115956468003
818 258.850634008916
820 271.5465077743727
822 258.4269997871339
824 279.45087007181303
826 265.66828718971624
828 271.41398045047293
830 250.20976556832596
832 245.4765536107981
834 252.15249286344587
836 241.3495909169819
838 264.9987608904002
840 277.5815964198467
842 242.00102780982218
844 244.36913758926065
846 274.73668978047806
848 257.50679717553874
850 278.9945387527067
852 255.61334534702257
854 264.10414601774164
856 245.72767424844042
858 281.5667145164932
860 272.83424234804284
862 252.04564423164362
864 261.16873327235436
866 249.13211317800867
868 279.0855455776809
870 281.7213267546044
872 282.53711158085264
874 261.00361595217925
876 292.9027571226728
878 281.94620684463234
880 285.8385512441108
882 290.5973442941603
884 263.14893643239196
886 287.92046332955897
888 286.9290610998368
890 269.8044737871018
892 263.8160202886751
894 293.33741638867775
896 266.9608382789627
898 295.23790443355296
900 301.4336915666097
902 288.136231869067
904 307.81403731634805
906 286.57187781810256
908 309.78284983088895
910 300.2468724866606
912 293.3812382721764
914 310.5703291607737
916 286.579827695848
918 324.47644696913954
920 311.0324741264218
922 313.70520632257717
924 323.4928473661205
926 299.4899435295615
928 317.29275162334056
930 318.21020221413704
932 339.0039276174324
934 316.02361975579635
936 312.3702483584037
938 322.782470479158
940 339.4790404718354
942 328.8344821492562
944 359.17087511941554
946 327.0124156821652
948 365.7447859696591
950 353.951960774398
952 354.1104993054646
954 372.6892406205059
956 357.0590803548023
958 358.9772158474094
960 384.7503788936498
962 403.73985433929886
964 384.88943910744246
966 413.0095020183365
968 420.15018139440735
970 439.7416397818292
972 423.7066698041373
974 453.86272498012227
976 453.221517918667
978 480.40672941517107
980 514.2371862021345
982 534.9386668260222
984 559.415439145559
986 595.0447041199919
988 601.0305012477461
990 648.0960296961832
992 673.4771946358544
994 693.7872552537954
996 737.5219392295094
998 780.9223421756158
1000 800.3481843766757
1002 826.7953311215299
1004 836.0058083767624
1006 827.2274743128519
1008 811.0052782582115
1010 797.7295947563296
1012 762.425913269067
1014 732.5194144888486
1016 729.5446802817901
1018 676.7791356064147
1020 674.9803802636959
1022 630.9572077465355
1024 595.9348859683342
1026 587.7944507312002
1028 553.2520021388643
1030 547.9918127712738
1032 535.0617660833095
1034 510.78079423147847
1036 476.67764198869486
1038 481.2696363707651
1040 468.9338861402545
1042 479.1107752592284
1044 458.9507551499094
1046 440.79035629703327
1048 448.1098700310158
1050 424.09464206726705
1052 445.82834365302625
1054 412.72034217079994
1056 407.07847990811854
1058 411.2186727098226
1060 411.6524149624464
1062 406.7620989226288
1064 406.11143921518806
1066 401.7218349275164
1068 408.95763692765206
1070 395.3371693382078
1072 401.4692643411955
1074 414.1045172902394
1076 414.2913670697876
1078 395.9399580026642
1080 424.6992674991958
1082 396.470825816745
1084 396.10581272819314
1086 387.2571531696567
1088 396.43083268206436
1090 388.78577256029826
1092 400.1681760827478
1094 416.4631992970336
1096 408.600818004557
1098 391.6789453097611
1100 421.0764581988629
1102 417.67859426941266
1104 402.9523853680755
1106 394.39093778032685
1108 399.2255617270484
1110 406.2115337203643
1112 396.0323675525713
1114 427.97188186333426
1116 428.0240119783079
1118 428.2587670694736
1120 408.6899307190526
1122 425.5238992742885
1124 396.4793706733899
1126 417.3111313692344
1128 408.930583407125
1130 405.64759897377553
1132 400.32348327648015
1134 406.7458863234941
1136 428.7045755441867
1138 429.5234303005768
1140 437.1809427727828
1142 411.98077301152006
1144 423.65878228326767
1146 423.76746918728435
1148 425.61357407565794
1150 416.04522222037224
1152 412.9607504781175
1154 438.7723007428467
1156 446.75780762763793
1158 436.9138578762155
1160 446.91617333790674
1162 415.9580898200528
1164 434.0058753853649
1166 436.52751911820036
1168 433.2548373577613
1170 450.5834919547185
1172 430.1434525408838
1174 441.3309149463653
1176 453.16857353480185
1178 436.55691182961095
1180 439.17720096427905
1182 458.5323990477925
1184 449.0540314696843
1186 460.70687113672886
1188 456.67611171004233
1190 449.76150445878255
1192 467.89783631501575
1194 470.4364291343198
1196 461.2158756417482
1198 453.83906510287164
1200 444.4099912611035
1202 451.8826810412603
1204 476.6201782815125
1206 455.8970129133681
1208 464.01860963682253
1210 467.30416526859784
1212 468.01790050774844
1214 480.57005046417504
1216 459.3509884319199
1218 486.26173604585415
1220 472.50391359540384
1222 469.9345746290726
1224 474.83023876233057
1226 467.05965396661884
1228 494.80638623201185
1230 494.21233228753533
1232 472.566100264495
1234 475.1571709077714
1236 480.5143041561044
1238 478.18620500227564
1240 473.8615535715392
1242 499.71307450671395
1244 488.26815928307053
1246 508.6933799577314
1248 503.5604005930627
1250 501.7220026132183
1252 504.50170285159567
1254 491.0957743204274
1256 492.1365922269202
1258 503.7024511095647
1260 504.4540086523375
1262 496.3648348789973
1264 516.2095067233762
1266 498.15818276153925
1268 501.5289234698978
1270 527.2891826884885
1272 503.4802089991667
1274 509.7634867700876
1276 505.99891266742213
1278 500.0095730263184
1280 514.8655332865517
1282 515.8949205232296
1284 508.72353681678896
1286 526.2711218743272
1288 534.841947614577
1290 511.052722481207
1292 540.2311825806819
1294 507.63283645774965
1296 538.4068774365819
1298 521.5443868535351
1300 544.9266150197532
1302 545.0134800780145
1304 523.8033585208526
1306 524.2682819868198
1308 529.2383006456467
1310 540.4049799521489
1312 534.3953996641363
1314 531.4552460274973
1316 547.8438451008502
1318 557.1496748538576
1320 555.9756635092122
1322 556.9185505551694
1324 537.7550971489192
1326 535.1307163985365
1328 555.9134652993007
1330 541.4872903276801
1332 540.9805318813967
1334 541.9977779909866
1336 546.9405942646582
1338 554.1950924953485
1340 574.4519656626185
1342 578.9414061414093
1344 564.6703647663306
1346 549.8014537721443
1348 569.3321504986584
1350 584.4838974245263
1352 559.0382795959964
1354 560.9384533785272
1356 558.1086704357983
1358 588.9702946124322
1360 573.1472397641022
1362 563.219215278598
1364 595.5516415907899
1366 585.2148660670982
1368 566.5027956866172
1370 594.1053685167612
1372 576.2632288391358
1374 585.3565338436567
1376 577.88873767575
1378 591.965139596281
1380 589.583519098629
1382 606.3115774391101
1384 589.4808509042678
1386 608.2286938764271
1388 600.0260770497454
1390 606.3776275953825
1392 592.9949656402897
1394 602.0273493312475
1396 622.6093629113985
1398 620.5145872742552
1400 612.5320323858286
1402 598.3345691441683
1404 626.0984988629614
1406 604.6897633901909
1408 597.1524688892279
1410 612.974356800679
1412 638.3468567364968
1414 604.3967801922598
1416 631.8324013311994
1418 618.0193490356119
1420 611.7189571642876
1422 645.2320097016129
1424 626.3990943810122
1426 649.8592566663212
1428 639.6981309160425
1430 625.2326812200035
1432 627.5985925224367
1434 650.0709094888659
1436 649.8869372684716
1438 636.6847730521947
1440 659.942655980373
1442 659.3358327031339
1444 650.7411258261945
1446 667.331283445789
1448 640.1928363688246
1450 660.0932198570983
1452 647.3893641421193
1454 666.7443740397451
1456 673.65851285185
1458 674.7095125404302
1460 664.5014602220481
1462 653.2478527914758
1464 681.6428814702339
1466 679.4883066754609
1468 684.3550544983945
1470 687.8205869802179
1472 684.3729276525956
1474 655.4974986157613
1476 693.6103854558347
1478 670.9889293571983
1480 672.7434400434586
1482 688.083618547521
1484 666.6960280584174
1486 700.9221886120414
1488 702.1101753704505
1490 675.5004112072847
1492 676.9688283962355
1494 694.6862302985171
1496 690.1716976564014
1498 698.1322032886663
