200 48.955818370546694
202 16.191812470646518
204 26.038514871785083
206 34.89590915225216
208 14.942938177391465
210 33.87484825574183
212 53.698750430188326
214 42.706200962582166
216 51.17875438299397
218 29.008477841986064
220 39.68808632020388
222 19.883171981375433
224 32.139300405068575
226 30.9422655534349
228 48.13718332271253
230 41.42536263632185
232 34.86635984454729
234 26.61288573714159
236 45.6873789356396
238 40.002405773200906
240 29.817987265269906
242 50.44995146758744
244 35.38618278661468
246 22.097016877875156
248 20.40892755805209
250 33.49525852394815
252 33.495039301557085
254 38.14984648112725
256 30.432920970096426
258 45.246697043500646
260 35.473201121865394
262 37.339155108049965
264 30.22878563790741
266 26.796609592955242
268 57.45188546585977
270 55.255783476216706
272 59.3601117619353
274 29.446978561344242
276 27.301301444252474
278 60.53203869949208
280 42.56007712592627
282 41.08261923926493
284 50.39430185431419
286 29.346281002785112
288 59.92177693328394
290 59.27621512660512
292 40.883632543048876
294 59.49320783865802
296 49.737930541708444
298 52.90839336569194
300 46.65359656110249
302 35.787808313287464
304 44.37080833644368
306 33.182693078104066
308 61.069944263154966
310 62.416275005420964
312 32.86612962419545
314 57.27145609530093
316 63.413701440076935
318 54.24346675011667
320 46.49058805146713
322 54.398202425479624
324 35.66256586583308
326 40.36138760216683
328 66.72457892847717
330 65.99398437807116
332 72.89834463002613
334 37.930905472392354
336 62.19127381382573
338 61.910796034961926
340 58.72157720228586
342 68.16983550570197
344 59.70742731828632
346 64.03247162954142
348 72.32229718829988
350 78.38061418590652
352 62.75869558061558
354 45.919872720871744
356 48.13518470488323
358 43.01342254658823
360 56.47579549176915
362 75.24652392730188
364 47.507795763225204
366 61.45280401445427
368 75.50145819044292
370 50.38917310890193
372 68.01443812898876
374 47.14169984260525
376 45.98578739809022
378 46.41387086604441
380 48.41616918352337
382 48.817286436926516
384 63.682528485173684
386 84.8393962381303
388 77.05081590209694
390 70.50398818810626
392 63.79349760873681
394 88.7502704409082
396 51.39864154392063
398 83.27040381791966
400 56.89881916703223
402 80.79201326330893
404 59.04867702082587
406 68.97163598363016
408 83.3844844507567
410 93.6472572691485
412 61.56994660943797
414 74.27834973683933
416 79.66432767149257
418 74.66580049146955
420 59.333808640203614
422 61.53921335897344
424 94.13905369047819
426 98.21449918672911
428 77.40375500544134
430 95.79000789152437
432 93.0866380779917
434 85.10404346240139
436 67.12441476659484
438 77.85758772031205
440 65.58672332742522
442 90.41332783358158
444 67.50880442510207
446 90.42876008473941
448 93.60701973492951
450 99.21780247539724
452 74.88955437053565
454 104.01922418839044
456 103.32977221971339
458 92.04632591833574
460 69.5278847280937
462 96.11265446524536
464 82.52235517863896
466 77.99963155644367
468 90.19988708482803
470 111.17522490301124
472 86.23545206755409
474 86.80642487813553
476 95.43061683611307
478 103.15109238748563
480 113.59531065693182
482 79.72404446759907
484 81.6291412847183
486 86.19481725974215
488 87.65940067240783
490 115.34139841659871
492 86.40228987843601
494 98.21695630553134
496 111.03015554241762
498 117.36742533554815
500 85.80969829776924
502 116.2683846607739
504 118.30352012357388
506 120.41562297034264
508 89.17669513861239
510 119.6074694049369
512 127.39375570986753
514 116.86346034022205
516 94.00169233964739
518 121.78228923391056
520 93.59842201747348
522 117.92621818585361
524 113.63122599818362
526 122.47170662425354
528 102.5752764037234
530 113.65767179575333
532 127.03490446484896
534 102.89627145612926
536 131.28512280823696
538 121.79209005837262
540 113.93972964862347
542 109.92457621552879
544 124.11585509773415
546 140.36292975722395
548 134.08973589621172
550 130.72523007032015
552 138.71331066648972
554 122.77094764644552
556 113.31049832691978
558 151.92275793488494
560 117.86756849221288
562 119.36423490275945
564 149.14698831784602
566 147.23484001581664
568 134.71584872697994
570 137.23008216648557
572 132.72232620687797
574 140.69341595286798
576 155.26444522607744
578 134.60914748390041
580 166.89458962550697
582 131.69022988332833
584 161.39212984615173
586 162.051453336148
588 166.79464228214226
590 159.48845028989805
592 165.59274416369288
594 167.58107777100156
596 172.6998076252238
598 182.79376112055044
600 164.03526990066797
602 158.92017266488472
604 179.0973076280573
606 168.4011380205654
608 176.19593620056224
610 189.57960955425386
612 164.09150830188258
614 202.778339578444
616 196.69279688348786
618 208.78352564515882
620 203.74343220008998
622 204.71476313410204
624 199.41964773564075
626 203.68988079342398
628 193.52260813281956
630 224.1941165300122
632 226.5639836828697
634 204.0553717105551
636 195.95155367261063
638 227.21438053626622
640 224.54249165408243
642 223.25783530258488
644 230.85588224406933
646 221.47820728394342
648 232.134441291756
650 211.27232549239005
652 244.43998798447433
654 222.3885763241828
656 238.72455570446294
658 244.0078510203682
660 218.62880686008083
662 236.09471378978134
664 218.39870925035183
666 212.23345661019567
668 209.8021399535886
670 209.8886235354871
672 229.86200031079866
674 238.4490777017164
676 220.5548150576043
678 205.32898058202053
680 230.55345210223086
682 225.9550938455315
684 229.48022487542295
686 221.92421586762063
688 209.35978743460325
690 231.46820539119858
692 211.14739364267487
694 228.77393440818295
696 222.87840528375344
698 213.64282064545074
700 217.5064025076989
702 201.08671248793655
704 209.39716449945422
706 223.63803229283917
708 206.12758920868333
710 195.0630925648354
712 191.65781150474248
714 216.48487803932224
716 187.53974617857017
718 206.688066643289
720 199.418124885179
722 215.71179137806865
724 223.6835369173059
726 227.8392085186564
728 207.86962789729813
730 223.82112805999813
732 192.67049903313807
734 216.68811159877328
736 198.54562013441725
738 206.30372302396205
740 202.444508728936
742 216.4339097909576
744 206.97215600880867
746 221.76974031349354
748 220.75270588574242
750 221.78218408588742
752 235.79503239907658
754 207.59378238845207
756 223.12361833062477
758 231.65546181262707
760 223.41234899772496
762 215.8588651127821
764 205.0321762516198
766 238.81543370243404
768 236.39319435566827
770 238.47890418300082
772 244.69407185304607
774 212.84438578637372
776 217.03319935556252
778 232.9839655070029
780 226.72197407616727
782 243.79578977784456
784 237.48187532947577
786 255.62953798244376
788 270.22770098717194
790 241.67934072463845
792 257.7900947004454
794 247.79904808807433
796 272.2453233584956
798 299.47793953728797
800 310.08539318181136
802 311.8720315689892
804 316.69334938816087
806 318.6114520897798
808 352.36229887024683
810 378.0537884204797
812 415.93601953726045
814 471.98690828308247
816 509.69614664067103
818 552.6396088550212
820 633.3394770924974
822 682.0212828608176
824 742.0581105718506
826 730.6136022073485
828 702.0754839524794
830 623.9608658399303
832 556.3936672271167
834 505.15716968768083
836 445.6139289313737
838 430.0143164005464
840 411.5720214557971
842 351.5768576296624
844 334.6735024695096
846 349.7226871480628
848 320.2080315204862
850 331.7482307249991
852 300.2324708221419
854 302.00649741614166
856 278.03156850909653
858 309.1618373200477
860 296.43425185729154
862 272.2274593197661
864 278.40209093502983
866 263.8019828672502
868 291.509266358104
870 292.1618165682284
872 291.21312940581686
874 268.0977944354389
876 298.56793449439874
878 286.31045075058853
880 289.0091682404348
882 292.66409640490724
884 264.1866328437565
886 287.9910556811999
888 286.08334117624065
890 268.0834500330022
892 261.25203255113234
894 289.95503523629577
896 262.7775851552591
898 290.2648210253532
900 295.67578056133635
902 281.5927863281867
904 300.4788718984296
906 278.4334718100358
908 300.82440920980616
910 290.4463158973557
912 282.7111097534205
914 298.9976385976721
916 274.06581823772314
918 310.97628696672746
920 296.4948694479697
922 298.07192714828824
924 306.6981616772235
926 281.45994744292796
928 297.94458441152057
930 297.45113122390205
932 316.7302852786613
934 292.1195713673182
936 286.7063652460091
938 295.2140783270052
940 309.8443070005865
942 296.9522017071499
944 324.83790001046594
946 290.000675021416
948 325.79782238668804
950 310.78090328646334
952 307.38937715261244
954 322.0495279855644
956 302.08334620391736
958 299.1917377153684
960 319.6165663495184
962 332.644320708034
964 307.13256490951403
966 327.7923606252149
968 326.5597629178469
970 336.7344391243044
972 310.0909393604516
974 328.2800927987743
976 314.12932803742467
978 326.0634986756351
980 342.69515540082125
982 344.0497397117463
984 346.8599977343216
986 358.39681871685116
988 337.87736832056106
990 356.2324759829624
992 351.1944379080872
994 340.26329166541956
996 353.2923076245889
998 368.3614041001741
1000 364.03168860497755
1002 373.5753463002269
1004 374.65528183875085
1006 367.63221223664794
1008 363.06100083035125
1010 370.2391200465619
1012 362.29152631508947
1014 364.3880836900653
1016 395.8839306201137
1018 378.2408574045635
1020 410.8836846572175
1022 399.7611329608503
1024 395.6311371426641
1026 416.19897761276957
1028 408.2028499664002
1030 427.472515337768
1032 437.2712130881479
1034 434.1675171375075
1036 419.95216746247667
1038 443.4045482465332
1040 449.1580653372846
1042 476.9019953986632
1044 474.02925028551647
1046 473.1149559551051
1048 497.8776442858418
1050 491.7445777137907
1052 532.0492724883593
1054 518.4630718609835
1056 533.5717479496279
1058 559.9880538710902
1060 584.5405340687046
1062 605.9472626730714
1064 634.1198777703532
1066 661.4258632525602
1068 703.547936746115
1070 728.2519355090931
1072 776.256522159284
1074 834.1879884823638
1076 882.6084214955808
1078 914.4290986249041
1080 993.643840695716
1082 1013.7639022314229
1084 1056.5859004779313
1086 1082.3467119017616
1088 1114.3284217306755
1090 1115.3531222512001
1092 1120.413515185714
1094 1116.2615011986989
1096 1076.1773000107557
1098 1018.4964873724629
1100 1002.0282816192689
1102 950.7275010285049
1104 888.4674073209615
1106 834.4133850437929
1108 796.8141583571548
1110 764.9316183479087
1112 719.5958906139283
1114 720.0056947249287
1116 691.9350421038167
1118 667.1665249411942
1120 625.4027352449281
1122 622.5416595171278
1124 576.0112338887014
1126 581.3004323756576
1128 559.0824266812278
1130 543.4563410938285
1132 527.0986288595496
1134 523.6356844173758
1136 536.7170667050048
1138 529.5449592172287
1140 529.9922921147796
1142 498.27113986299884
1144 504.0378400842934
1146 498.7757548956878
1148 495.73142414236463
1150 481.7004590272619
1152 474.53529722826033
1154 496.6078796902969
1156 501.1608551473888
1158 488.1597707054782
1160 495.25298349104554
1162 461.60965110897746
1164 477.17463198007385
1166 477.3969159317573
1168 471.9914230020734
1170 487.3387573649233
1172 465.05544190376617
1174 474.5256401122207
1176 484.7612584863526
1178 466.65308989203623
1180 467.87368415326955
1182 485.9181361715876
1184 475.2108692453507
1186 485.71023058258146
1188 480.5955903782094
1190 472.6614136268853
1192 489.8376810239465
1194 491.47133790686536
1196 481.3969858164278
1198 473.21386894549187
1200 463.02264735359387
1202 469.7742948768942
1204 493.82905550382725
1206 472.4588882113239
1208 479.9668539411829
1210 482.6699735758765
1212 482.83046238134153
1214 494.8567050215402
1216 473.1373654168318
1218 499.5718844015699
1220 485.3604187943549
1222 482.358665874351
1224 486.8418870530813
1226 478.67766191121615
1228 506.0484703976177
1230 505.09519879063583
1232 483.10551423283897
1234 485.368020378541
1236 490.41065891705784
1238 487.7813708310833
1240 483.16812228277536
1242 508.7429701752732
1244 497.0326809765334
1246 517.2032412778861
1248 511.82576629792754
1250 509.7525225651108
1252 512.3065435136928
1254 498.68364800356187
1256 499.51578426977943
1258 510.88084515876665
1260 511.4391101938486
1262 503.16379315883637
1264 522.8291351833633
1266 504.60497810484907
1268 507.80908346124363
1270 533.408622784774
1272 509.4445778983107
1274 515.5781809583533
1276 511.6690900388968
1278 505.5401656421153
1280 520.2612593357906
1282 521.1602955428289
1284 513.8628842225338
1286 531.2885828515107
1288 539.7414904127128
1290 515.8381511538398
1292 544.9061452081561
1294 512.2008328878944
1296 542.8712665756186
1298 525.9083935370828
1300 549.1933364915803
1302 549.1858921021395
1304 527.8843211507203
1306 528.2605450135566
1308 533.1445087458106
1310 544.2276775539328
1312 538.1370355496375
1314 535.118177687431
1316 551.4303428569397
1318 560.661925763083
1320 559.4157750631261
1322 560.2885541865886
1324 541.0569515574689
1326 538.3663107057604
1328 559.0846220433317
1330 544.5957683068103
1332 544.0280288552752
1334 544.9859332476051
1336 549.870991060758
1338 557.0692603773967
1340 577.2713826750453
1342 581.7075009283755
1344 567.3845185729066
1346 552.4650023504115
1348 571.9463859239074
1350 587.0500698264084
1352 561.5575988091903
1354 563.4120905172063
1356 560.5377593959288
1358 591.3559335056917
1360 575.4904922869842
1362 565.5211120200584
1364 597.8131812815977
1366 587.4370167738663
1368 568.6864959533224
1370 596.251528456398
1372 578.3727311780002
1374 587.430234920618
1376 579.9274683987306
1378 593.9697063580478
1380 591.5547046538782
1382 608.2501417447212
1384 591.3875319245001
1386 610.1042083547351
1388 601.8711212487981
1390 608.1928780067915
1392 594.7810796654643
1394 603.7849659347253
1396 624.339103247927
1398 622.2170552908331
1400 614.2078153998538
1402 599.9842383987796
1404 627.7226100606061
1406 606.2888572053967
1408 598.727071461508
1410 614.5249802084552
1412 639.8739994528769
1414 605.9009275234669
1416 633.3140258384103
1418 619.4789109409253
1420 613.1569047415061
1422 646.6487796524905
1424 627.7951121975881
1426 651.2349369799294
1428 641.0538778335598
1430 626.5688886478702
1432 628.9156444789613
1434 651.3691804052999
1436 651.1667922793151
1438 637.94656827518
1440 661.18673878654
1442 660.5625419774068
1444 651.9507922188387
1446 668.524229615115
1448 641.3693772154904
1450 661.2536627503418
1452 648.5340091382411
1454 667.8735140931453
1456 674.7724340189117
1458 675.8084941765255
1460 665.5857751719362
1462 654.3177675733439
1464 682.6986564536271
1466 680.5301962533333
1468 685.3833072535039
1470 688.835445846078
1472 685.37463006919
1474 656.4862766802147
1476 694.5864660682295
1478 671.9525343617145
1480 673.6947863650113
1482 689.022918324059
1484 667.6234887690407
1486 701.8380132010909
1488 703.0145623677136
1490 676.3935548444572
1492 677.8509187197739
1494 695.5574532790085
1496 691.0322352945764
1498 698.9822337181704
