200 50.3962145369326
202 17.64591207384995
204 27.50650470165528
206 36.37797932811246
208 16.439282221611613
210 35.38566316925465
212 55.224236770010556
214 44.24656292140149
216 52.73419987088638
218 30.579218570329964
220 41.27433788785984
222 21.485153963202777
224 33.75723644285258
226 32.57638344930129
228 49.78771513510831
230 43.09254477864479
232 36.55043318650915
234 28.314095708953353
236 47.40597563511027
238 41.7386440758448
240 31.57212693752092
242 52.22225728322232
244 37.17692464649146
246 23.90646993309648
248 22.23737233666783
250 35.34298106131554
252 35.362331274481505
254 40.037005345911425
256 32.34025010463053
258 47.17450589353126
260 37.421805351586386
262 39.30887675516405
264 32.219953273313
266 28.809558485219295
268 59.48695775064364
270 57.31332833082883
272 61.440485585191226
274 31.55054515892216
276 29.428432219739577
278 62.68311285132536
280 44.73548185043954
282 43.2827499400623
284 52.61956235819994
286 31.597083782488603
288 62.19854333722874
290 61.579375615981775
292 43.213626936461395
294 61.850485564626
296 52.122950899318276
298 55.3216257937034
300 49.09552091582981
302 38.258915155588085
304 46.87159922816189
306 35.713680888332235
308 63.63165348469062
310 65.00924208181473
312 35.490903287802325
314 59.92859771676554
316 66.10378538970276
318 56.9670807715894
320 49.24833364842329
322 57.19069526143426
324 38.49043617800321
326 43.225280629752405
328 69.62515535598672
330 68.93192079430679
332 75.87433400337083
334 40.94565764307306
336 65.24551600385661
338 65.00527337650631
340 61.85705328520982
342 71.34709294512973
344 62.9272683430065
346 67.29571869215411
348 75.62979359803776
350 81.73322476510877
352 66.15730734588136
354 49.365395589970746
356 51.62855223055407
358 46.555592678412225
360 60.06775136736616
362 78.88927469415813
364 51.20237743252934
366 65.20028034838796
368 79.30292162444675
370 54.245745710515706
372 71.92727259494805
374 51.11198053596411
376 50.01473142723273
378 50.50272920754583
380 52.56622785092586
382 53.02986769760468
384 67.95899212758164
386 89.18114089184598
388 81.45928041321025
390 74.98065305263677
392 68.33988646691428
394 93.36795163530562
396 56.08922974459516
398 88.03556171789381
400 61.74025925163414
402 85.71149965708993
404 64.04802741598435
406 74.05272365409579
408 88.54924035632745
410 98.89767225432705
412 66.90807370188412
414 79.70630655064264
416 85.18429892077532
418 80.2800406201562
420 65.04464457413971
422 67.34904738694713
424 100.05036648109123
426 104.22985294848462
428 83.52579679786349
430 102.02147309560328
432 99.43035403475636
434 91.56293328896778
436 73.70150135961747
438 84.55599795738715
440 72.40969247765645
442 97.3642041892268
444 74.5910541669761
446 97.64597239485565
448 100.96291217072786
450 106.71622662082888
452 82.53450178026398
454 111.81483264242331
456 111.28033230691287
458 100.15628796846022
460 77.8018661133216
462 104.55544729351385
464 91.13893440261258
466 86.79516352351331
468 99.179738555237
470 120.34497256502044
472 95.60089258050047
474 96.3735854763153
476 105.20576652864366
478 113.14075379167603
480 123.80627250523025
482 90.16337483090135
484 92.30420155771726
486 97.11327695709213
488 98.82925308777712
490 126.7709772001988
492 98.10028659235962
494 110.19243902021294
496 123.29258854175806
498 129.92669000272986
500 98.6761152585357
502 129.4527372659626
504 131.8170793579772
506 134.27017388052616
508 103.38456487813707
510 134.1815570015017
512 142.347563665189
514 132.21112817997377
516 109.75803223745028
518 137.9628238401441
520 110.21942463049425
522 135.00475540996797
524 131.18520303930586
526 140.5199153804363
528 121.13744651348267
530 132.7545248120848
532 146.68821132674782
534 123.12891343191552
536 152.12115608559793
538 143.2568141542106
540 136.05975980686267
542 132.72791995217094
544 147.6319930386556
546 164.6229008942786
548 159.1262273596899
550 156.5726714789688
552 165.40797306803933
554 150.35104699941957
556 141.81630339545913
558 181.3967023688921
560 148.35436674116258
562 150.9110014581668
564 181.8033595909475
566 181.05309792690105
568 169.75104480340764
570 173.54016060907102
572 170.3682439791753
574 179.73925746406098
576 195.7775286036501
578 176.6601187542114
580 210.55750032545487
582 177.04259270118962
584 208.51494582205973
586 211.0292029324788
588 217.7152312552918
590 212.44309975820943
592 220.67581258227517
594 224.88980071793821
596 232.33393942027269
598 244.85510040881763
600 228.6270495467632
602 226.14629276866663
604 249.06138939578437
606 241.2053758722085
608 251.939726201592
610 268.35793443588454
612 245.99306344955653
614 287.8833909413273
616 285.0707713121863
618 300.49034717072516
620 298.8186345507976
622 303.1784294109136
624 301.2692522904079
626 308.8971350732576
628 302.0304399682288
630 335.91393866701253
632 341.373429136811
634 321.7966870044335
636 316.4308422435078
638 350.2018739305273
640 349.7739930555574
642 350.43742780077207
644 359.65992495282376
646 351.5605607581574
648 363.1327771607913
650 342.8152932551875
652 376.1549444840962
654 353.9095394322435
656 369.70002936377836
658 374.10818626835976
660 347.5528106919684
662 363.57528872263117
664 344.2073925159267
666 336.18381927572835
668 331.75209381393097
670 329.74176020725963
672 347.56814828483493
674 354.0043079210865
676 334.00115540880745
678 316.7541182399944
680 340.0907152177492
682 333.784016855249
684 335.8280216792649
686 327.06851988423114
688 313.6330758328314
690 335.26441721230754
692 314.9313918240975
694 333.09466856816846
696 328.38693150022544
698 321.11676255844037
700 327.8830442797296
702 315.50776220651767
704 329.2693884282791
706 350.7154876242364
708 342.6230172358088
710 343.7977576591436
712 356.2592581024479
714 401.63669196813856
716 399.2661007983129
718 452.5944322540301
720 488.6593143193604
722 558.1518958158852
724 627.2775352440558
726 693.2655195376424
728 721.5315609231161
730 755.2666699336685
732 703.4860583273855
734 676.4136344894064
736 593.5683204233746
738 537.2778413550822
740 477.2927228952152
742 444.9798358687334
744 398.3218980923896
746 383.4717609433956
748 358.7658037490005
750 340.71613667312295
752 339.19508040366827
754 298.1903381322484
756 303.02998207741314
758 302.5176346390823
760 286.5204148311313
762 272.229224532796
764 255.46818622508744
766 283.952165754193
768 276.73048571150207
770 274.4056994096105
772 276.5061833305926
774 240.75716614721895
776 241.19015162408442
778 253.4619645405396
780 243.53349574943624
782 256.88831082157174
784 246.73439095469467
786 260.8459227983793
788 271.1263869025165
790 237.8784753148062
792 248.7869395515294
794 232.94183284250943
796 250.69502813776688
798 270.15646447828954
800 271.6052194961809
802 262.44076808948495
804 253.98468115188817
806 239.59276193135182
808 253.07105393461364
810 253.32620266008232
812 259.1285482516118
814 274.8290072202618
816 262.6334775628276
818 246.41880699575952
820 262.9359100103322
822 253.22937173067032
824 277.3437444681532
826 266.39941176410247
828 274.78950023989245
830 256.0852694420953
832 253.75033473115792
834 262.76055016055574
836 254.26202819208905
838 280.21733603837885
840 295.1382454030855
842 261.95724341507685
844 266.8161266019606
846 299.79626750473784
848 285.33300762960477
850 309.7760139512573
852 289.57643866397177
854 301.5168927353953
856 286.90464609016794
858 326.87484191350643
860 322.699674061764
862 306.96169131180756
864 321.7048910421927
866 315.944051771225
868 352.9257768280557
870 363.4499484790233
872 373.1315353852865
874 361.5654144522989
876 404.65861363980764
878 406.23830829101024
880 424.09758590087165
882 444.2886971713899
884 433.6803089872138
886 476.49840718987167
888 494.3554610927164
890 496.2156607264711
892 508.39039371098215
894 554.0311979536046
896 540.3643574932066
898 576.652330542878
900 585.2244923979775
902 568.3240642932772
904 578.7599474496723
906 543.5681509276662
908 549.4063874025699
910 520.4357997906953
912 493.29102116540054
914 490.30931117078916
916 446.91658542005837
918 466.578579966348
920 436.2627039235791
922 423.4774582587248
924 419.17934250282144
926 382.36678066152547
928 388.5121947579691
930 378.79025270995373
932 389.82832673773856
934 357.8476035343005
936 345.82901565226075
938 348.4004739642861
940 357.678975944381
942 339.94534100320385
944 363.4347253515113
946 324.58975226330233
948 356.7183863486116
950 338.3292253515968
952 331.8242693250296
954 343.59707961475124
956 320.9409882709294
958 315.5317231058115
960 333.5889457408606
962 344.37948420786
964 316.7434103010433
966 335.3761404673072
968 332.19965500685817
970 340.5008780018652
972 312.04274060956806
974 328.46539673436547
976 312.58638497316105
978 322.8213141398452
980 337.774010387162
982 337.46159819934815
984 338.60881121969317
986 348.4787352967545
988 326.2808518897207
990 342.9383393076918
992 336.1757916567413
994 323.4854098729448
996 334.71240849783726
998 347.9283434908146
1000 341.6855618454422
1002 349.246992371402
1004 348.265681969454
1006 339.0917729733601
1008 332.2687093042508
1010 337.0815565388944
1012 326.6417162067752
1014 326.1041673906742
1016 354.80762600399487
1018 334.19568452013783
1020 363.6729168818714
1022 349.1654321894063
1024 341.4058228397342
1026 358.0708704230702
1028 345.8666198372737
1030 360.5864515288456
1032 365.45231879607593
1034 356.985814562723
1036 336.9240799066038
1038 353.98520437540265
1040 352.7323475757807
1042 372.7741306980784
1044 361.410719492552
1046 351.1104818213568
1048 365.469014875203
1050 347.7720834452537
1052 375.1906006535683
1054 347.2096431793757
1056 346.2027442533274
1058 354.5428491690215
1060 358.7910149315048
1062 357.3727692596031
1064 359.88943289073666
1066 358.3952530502761
1068 368.28333141398525
1070 357.0972103689562
1072 365.46789027065984
1074 380.1654966550986
1076 382.2557127855
1078 365.66394282756346
1080 396.0526975327788
1082 369.3355353340228
1084 370.3743491896999
1086 362.83162592911447
1088 373.22190286834393
1090 366.7117649489373
1092 379.15429659126835
1094 396.44084411990536
1096 389.5069624175832
1098 373.45560187868006
1100 403.67019557241633
1102 401.04010896441673
1104 387.0361199977738
1106 379.1547400664874
1108 384.63037939513083
1110 392.2211410259108
1112 382.6131197427597
1114 415.0924943546014
1116 415.6553614410624
1118 416.37371196419895
1120 397.2631491330055
1122 414.53174217163286
1124 385.8997288999861
1126 407.12331495150016
1128 399.11521185669585
1130 396.18650145977006
1132 391.1996076581152
1134 397.94321615023284
1136 420.20805423078974
1138 421.31889177228555
1140 429.2550479530324
1142 404.3209515924737
1144 416.2531792792886
1146 416.6048958242576
1148 418.6834626157403
1150 409.3375843630564
1152 406.4661390151135
1154 432.4817741767913
1156 440.6628974935428
1158 431.00653853028797
1160 441.18883400131136
1162 410.40350868565093
1164 428.61719561376185
1166 431.2982265658022
1168 428.17873989421093
1170 445.65470024023784
1172 425.35636214586907
1174 436.68018970620824
1176 448.6491300424764
1178 432.1639049771863
1180 434.9060104523016
1182 454.378616788502
1184 445.0134498163846
1186 456.7754718773839
1188 452.85005576837597
1190 446.03712225088844
1192 464.2716187137706
1194 466.90501899779315
1196 457.77605986534684
1198 450.48776715818326
1200 441.14426418734865
1202 448.6997008579411
1204 473.51723779329774
1206 452.8715158804912
1208 461.06806528631415
1210 464.4261831235491
1212 465.21018551351375
1214 477.8303983919974
1216 456.6772815419023
1218 483.65193899252665
1220 469.95606956035033
1222 467.44680166620185
1224 472.4007263424046
1226 464.6866597085993
1228 492.488232809659
1230 491.9474045005001
1232 470.3528422638862
1234 472.99408356686826
1236 478.3999425775175
1238 476.1191761534461
1240 471.8405140410086
1242 497.7367283740987
1244 486.33525609614117
1246 506.80271281042724
1248 501.7108042986724
1250 499.9123519673287
1252 502.7309109797555
1254 489.3627911057925
1256 490.44040281344496
1258 502.0420744765812
1260 502.82849625662163
1262 494.77326936066095
1264 514.6510006721485
1266 496.63187754020777
1268 500.033988091876
1270 525.8248127466555
1272 502.04562564329643
1274 508.3579357303419
1276 504.6216633215299
1278 498.6599175082012
1280 513.5427856342866
1282 514.598415864359
1284 507.4526305891028
1286 525.0251890803463
1288 533.6203821080696
1290 509.8549362841588
1292 539.0566052292318
1294 506.4809143756839
1296 537.2770733350551
1298 520.4361791557606
1300 543.8394973094729
1302 543.9469605706219
1304 522.7569595561025
1306 523.2415395421156
1308 528.230763868949
1310 539.4162107135984
1312 533.4249721255329
1314 530.50274622882
1316 546.9088705630448
1318 556.2318341971599
1320 555.0745760863091
1322 556.0338460985394
1324 536.8864154317205
1326 534.2777069084514
1328 555.0757869247652
1330 540.6646110559616
1332 540.1725285080073
1334 541.2041358399442
1336 546.1610069191319
1338 553.4292615382454
1340 573.6996004266944
1342 578.2022234684989
1344 563.9440887753202
1346 549.0878156353199
1348 568.6308882260848
1350 583.7947556561271
1352 558.3610094010184
1354 560.2728120620901
1356 557.4544213522432
1358 588.3272069851937
1360 572.5150885118451
1362 562.5977808473672
1364 594.940709791937
1366 584.6142279207553
1368 565.9122472705028
1370 593.5247108201083
1372 575.6922676215438
1374 584.7950794986789
1376 577.3366050990318
1378 591.4221480580776
1380 589.0494921205351
1382 605.7863426748416
1384 588.9642400243445
1386 607.7205424566093
1388 599.5262244630843
1390 605.8859169077515
1392 592.511243509267
1394 601.5514659082281
1396 622.1411717468162
1398 620.0539452258025
1400 612.0787995295664
1402 597.8886086884194
1404 625.6596770648905
1406 604.2579494749732
1408 596.7275349717152
1410 612.5561778094756
1412 637.9353103403589
1414 603.991746728739
1416 631.4337637374496
1418 617.6269927812866
1420 611.3327701864556
1422 644.8518823416202
1424 626.0249193232269
1426 649.4909288786948
1428 639.3355475924272
1430 624.8757417241659
1432 627.2471983337103
1434 649.7249641493888
1436 649.5463463319546
1438 636.3494440341719
1440 659.6124983098823
1442 659.0107576757831
1444 650.4210465585677
1446 667.0161148311462
1448 639.8824950340576
1450 659.7876241208977
1452 647.0884339743161
1454 666.4480310217888
1456 673.3666801383863
1458 674.422114821944
1460 664.2184236885377
1462 652.9691050971253
1464 681.368351699054
1466 679.217925307866
1468 684.0887533786881
1470 687.5582992849575
1472 684.1145878598097
1474 655.243042474994
1476 693.3597499589899
1478 670.742052710161
1480 672.5002616384689
1482 687.8440789362787
1484 666.4600689258933
1486 700.6897527509769
1488 701.8812066565225
1490 675.2748545749166
1492 676.746629815036
1494 694.4673367503273
1496 689.956057112932
1498 697.9197646897086
