200 49.0379734138134
202 16.274809488899145
204 26.12236555351351
206 34.980625394674476
208 15.028532091054231
210 33.96133216924155
212 53.78613689501781
214 42.794502758105665
216 51.26798452155508
218 29.098649574152475
220 39.77921314015336
222 19.975267632427343
224 32.23237888536557
226 31.036341121779607
228 48.232270504564035
230 41.52147622995718
232 34.96351492739316
234 26.711097672281873
236 45.78666337850424
238 40.102778678442135
240 29.919464893831947
242 50.55255039397596
244 35.48991990637266
246 22.201909415271903
248 20.514993073992585
250 33.60251492411005
252 33.60350484476296
254 38.25953978796012
256 30.543861031766717
258 45.358903230973155
260 35.58669319525514
262 37.45395322629625
264 30.344910368735572
266 26.91408192313609
268 57.570726811777185
270 55.376015694754074
272 59.48175716169201
274 29.570059914193987
276 27.42584199725542
278 60.658062187173556
280 42.687607782935174
282 41.21168181342534
284 50.52492162008479
286 29.478483775140845
288 60.05558908203565
290 59.41166359117317
292 41.02074484770747
294 59.632012108267766
296 49.87845551795538
298 53.050668423852
300 46.7976517273512
302 35.93367428257558
304 44.51851649096024
306 33.33227550634944
308 61.22143377964733
310 62.56970517106067
312 33.02153476731294
314 57.42887133341486
316 63.573162702390476
318 54.40501080078103
320 46.6542525136429
322 54.5640258062278
324 35.83058758186887
326 40.531648006511354
328 66.89711933804324
330 66.1688471022214
332 73.07557300014327
334 38.11054387250337
336 62.37336771232371
338 62.09539201747126
340 58.90872300571882
342 68.35958005355681
344 59.89982075723964
346 64.2275653673899
348 72.52014393330934
350 78.58126798762885
352 62.96221187223736
354 46.12630836316127
356 48.34459803180604
358 43.225873412664846
360 56.69134532125223
362 75.46523576525405
364 47.72973432858293
366 61.67803575516726
368 75.7300513407836
370 50.62119774904401
372 68.24996624695896
374 47.38080539871832
376 46.228546391982356
378 46.66036140642684
380 48.66647156078399
382 49.071483198714596
384 63.9407045151095
386 85.10163883778964
388 77.31721487642818
390 70.77463593444668
392 64.06848920960364
394 89.02970376074987
396 51.68261733002366
398 83.55902580567789
400 57.19219418979658
402 81.09025136704801
404 59.35189158384117
406 69.27994384158322
408 83.69800602728066
410 93.966116712332
412 61.89427193448619
414 74.60827297523493
416 79.99998502699785
418 75.00733250333194
420 59.68136035394749
422 61.89293450518478
424 94.49909887201255
426 98.58102807479975
428 77.77693254507182
430 96.17000451688008
432 93.47362993813567
434 85.49821265805406
436 67.52594959851326
438 78.26668294994246
440 66.00358045052384
442 90.83815536754284
444 67.94181821077974
446 90.87018360359662
448 94.05708444240719
450 99.67674815144744
452 75.35762948832819
454 104.49668630226562
456 103.81688837352502
458 92.54337307540249
460 70.03515022405763
462 96.63043648522213
464 83.05096326013594
466 78.53938711962057
468 90.75112399177974
470 111.73829004786501
472 86.81070599929373
474 87.39424245819346
476 96.03138793290947
478 103.76522261024064
480 114.223222131234
482 80.36617665538158
484 82.2859518514737
486 86.86678299199794
488 88.34701844868928
490 116.0451862353231
492 87.12278794641378
494 98.95472819099618
496 111.78578939676865
498 118.14153518826484
500 86.60292542925282
502 117.08139905817882
504 119.13702202501904
506 121.27034450323514
508 90.05340205817443
510 120.50696293940119
512 128.31687451919353
514 117.81108259558582
516 94.9747379313668
518 122.7817221158831
520 94.62525269662078
522 118.98150636547882
524 114.71608338454809
526 123.58729990605693
528 103.72283041451573
530 114.83847286960196
532 128.25030399580967
534 104.14768967220597
536 132.574052770529
538 123.12010189596819
540 115.3084750394593
542 111.33579312284812
544 125.57137277087348
546 141.86467400416944
548 135.63973463359525
550 132.3256191541647
552 140.36634000392962
554 124.47898758468624
556 115.07604631067233
558 153.74844541719477
560 119.75616807573856
562 121.31866767883643
564 151.17033135873783
566 149.3303339609928
568 136.88690538658986
570 139.4802920438711
572 135.055465816369
574 143.11345477854496
576 157.77555213090645
578 137.2156963358437
580 169.60116385703887
582 134.50162564240878
584 164.3133573293445
586 165.08773581758373
588 169.95141226503227
590 162.77134211034058
592 169.00758227023718
594 171.13385978941662
596 176.3966811989765
598 186.64099339814032
600 168.03920842789267
602 163.08719634278543
604 183.43376632854924
606 172.91327942835005
608 180.88981849295305
610 194.4609986655922
612 169.16575877589077
614 208.05025842259545
616 202.1664904371515
618 214.46223028736034
620 209.62933077363422
622 210.80879025442857
624 205.72128866351412
626 210.19697022358878
628 200.23113698531188
630 231.0980564768242
632 233.6551405017898
634 211.3232793945573
636 203.38342128731892
638 234.79510288195675
640 232.25473269299854
642 231.0821900156763
644 238.77111820232838
646 229.46158205828362
648 240.1620863518329
650 219.31968204904723
652 252.4822759382394
654 230.40127464949757
656 246.68387161006228
658 251.8911562175582
660 226.41502210550647
662 243.7646271636899
664 225.93521882933226
666 219.6217336693038
668 217.02971399654757
670 216.94539483335296
672 236.74018892916087
674 245.1431200955121
676 227.06122025237528
678 211.64615790040858
680 236.68152156258145
682 231.89568900557543
684 235.23629625392675
686 227.49984134908237
688 214.7599943967599
690 236.69880779322662
692 216.21484603052244
694 233.68520375431845
696 227.64086077812865
698 218.2641409725823
700 221.9944997524047
702 205.44967157702578
704 213.64319697670038
706 227.77544321095067
708 210.16475598000414
710 199.00845472208286
712 195.5198704687192
714 220.27220616092347
716 191.26100450997083
718 210.35203109354788
720 203.03372062700223
722 219.2881355958599
724 227.22999022475142
726 231.3654356318146
728 211.38566843338646
730 227.33747865191023
732 196.1982083168815
734 220.23889006031885
736 202.13196731268505
738 209.93907518170107
740 206.14341085358427
742 220.2122167124279
744 210.8472685713495
746 225.7608839806054
748 224.8812609776313
750 226.0720791631997
752 240.27321526786267
754 212.2907870147002
756 228.07425089513353
758 236.89963558439135
760 228.99610617036896
762 221.8356349413888
764 211.46433372715865
766 245.77624297618115
768 243.9692480985894
770 246.7732067520294
772 253.829964400569
774 222.97058081035684
776 228.330288558503
778 245.67289956932416
780 241.07520231067315
782 260.1520146789078
784 256.265753827417
786 277.37819051123535
788 295.62662331532414
790 271.61130150168276
792 293.40184980534355
794 290.59205365237517
796 324.19744121513423
798 363.2014605062386
800 389.0173382074739
802 410.46269705695784
804 440.47930540759694
806 473.87476943574984
808 544.7284395632389
810 608.976165185962
812 676.3793750099891
814 735.6148275065468
816 733.0736661499324
818 688.5183927617243
820 649.9951601014902
822 575.6497720107568
824 538.1302896941177
826 474.21854618501646
828 439.3212689863152
830 385.9584711004459
832 355.9773151992861
834 342.8073312673954
836 316.31222187330485
838 327.4506232752144
840 329.966044578386
842 286.2061315278489
844 281.86534506859135
846 306.67900043029596
848 284.8103076343545
850 302.3904141594736
852 275.69050431963683
854 281.3405216200549
856 260.51384102819486
858 294.22389179464295
860 283.62812491685565
862 261.19711295248874
864 268.862213667716
866 255.52214652772935
868 284.3019905126888
870 285.8735032128346
872 285.7171215701343
874 263.28901866750584
876 294.35873383332773
878 282.6273195308695
880 285.7901753301393
882 289.8568379233007
884 261.74659506921165
886 285.8802979695388
888 284.2694302280089
890 266.53859287017156
892 259.9523675779538
894 288.880049830441
896 261.9096351310102
898 289.58873258661464
900 295.1785194246917
902 281.26318184352226
904 300.3073864475457
906 278.412007686529
908 300.9461466994645
910 290.70557748018916
912 283.10324630663615
914 299.5189342470884
916 274.7134111244909
918 311.74810369856687
920 297.38957141409725
922 299.088867214049
924 307.83735005326446
926 282.72202575648924
928 299.3308072035775
930 298.9633542630765
932 318.37096022718816
934 293.8917464609371
936 288.613691762615
938 297.2608227217349
940 312.0353686807409
942 299.29313651158196
944 327.3349495471705
946 292.6608021062305
948 328.6287529173637
950 313.79117498197655
952 310.5883956895936
954 325.44763117438055
956 305.6918769686913
958 303.0231267777513
960 323.6844256683898
962 336.96354889995007
964 311.71946607166694
966 332.6647782085576
968 331.7372305583459
970 342.2383506414331
972 315.94474048164875
974 334.5094975756904
976 320.76256339512054
978 333.13158109230204
980 350.2322043683838
982 352.0933333952194
984 355.4515771519773
986 367.58214783042206
988 347.7070586863914
990 366.7625861089947
992 362.4871592330333
994 352.3877351793821
996 366.32540764902615
998 382.38895871556167
1000 379.1495597464267
1002 389.8908467391336
1004 392.2887812523836
1006 386.7190004727741
1008 383.7534534483789
1010 392.70921941377566
1012 386.73380110194995
1014 391.0230406545492
1016 424.96206513261654
1018 410.0473431245514
1020 445.74385773651704
1022 438.04690124232843
1024 437.7684583654634
1026 462.67655961293167
1028 459.5822251005794
1030 484.3996222250264
1032 500.48956716272556
1034 504.5329448221206
1036 498.4488813576122
1038 531.1619974277247
1040 547.4674222660576
1042 587.2302169032596
1044 598.0272036921573
1046 612.6139112999001
1048 654.8652511295776
1050 668.3070801504355
1052 730.2612487516642
1054 740.2002018488946
1056 780.2182508419337
1058 832.0131647088571
1060 880.9353929831791
1062 923.5541331735656
1064 966.9542943397759
1066 1000.176724426066
1068 1035.499176419586
1070 1037.8389401331842
1072 1046.3114103525993
1074 1047.6868571776013
1076 1024.546859127183
1078 973.4433643068022
1080 963.1545263345561
1082 892.6076010680797
1084 849.1811964344624
1086 798.3944391305696
1088 767.9727912331904
1090 723.7583402418242
1092 701.8837289912228
1094 688.2532839595292
1096 653.6519845135965
1098 612.9430656396545
1100 621.2310397574914
1102 599.1185237907295
1104 567.8000721001129
1106 544.5162122435061
1108 536.2698662245068
1110 531.6131154153271
1112 511.050609874437
1114 533.7098108355788
1116 525.44856392319
1118 518.2187263864388
1120 491.9316249581361
1122 502.7048288216034
1124 468.17998760580406
1126 484.0449888513824
1128 471.1530672710827
1130 463.7634352420741
1132 454.6931943164576
1134 457.69134686788226
1136 476.5137994832119
1138 474.4547006642229
1140 479.46638093988645
1142 451.82942890992143
1144 461.25931505232194
1146 459.2904772683468
1148 459.21362476505055
1150 447.8626231531186
1152 443.12309911458954
1154 467.3958425297997
1156 473.9486289469629
1158 462.7689360471796
1160 471.5243026890811
1162 439.4007001001487
1164 456.35775645739614
1166 457.85746391122615
1168 453.62621337832655
1170 470.0547502386112
1172 448.76858171534985
1174 459.1598470403011
1176 470.24754729195485
1178 452.92879852424437
1180 454.88179707063466
1182 473.60668955770143
1184 463.532427173114
1186 474.6214227663911
1188 470.05670349369905
1190 462.63602931338653
1192 480.29235464837603
1194 482.3753129867342
1196 472.7219396970138
1198 464.9336859210557
1200 455.1132159308315
1202 462.21332631399525
1204 486.5959211317426
1206 465.53447336455343
1208 473.3334266014567
1210 476.31106607017534
1212 476.7307646813746
1214 489.00196836979944
1216 467.51431515866153
1218 494.16814103671334
1220 480.16442637803226
1222 477.35962699952387
1224 482.02970373424137
1226 474.0428817675674
1228 501.5822376014157
1230 500.78920930599384
1232 478.9519749226126
1234 481.3596116029224
1236 486.54050028804727
1238 484.04298982277817
1240 479.55542542902475
1242 505.2502166142102
1244 493.65445812628144
1246 513.9344424497194
1248 508.66157007270334
1250 506.68837377616507
1252 509.3381356948744
1254 495.8069071748823
1256 496.7268539454835
1258 508.1760724736531
1260 508.81503305353135
1262 500.6171283284811
1264 520.3567672373632
1266 502.20394916702975
1268 505.4765836715903
1270 531.1419814344429
1272 507.2412551798791
1274 513.4357602829526
1276 509.5852708761012
1278 503.51275684228597
1280 518.2881728980351
1282 519.2395407948693
1284 511.9925623816181
1286 529.4668819380793
1288 537.9666804908726
1290 514.1085798748277
1292 543.2202336349071
1294 510.55707158059374
1296 541.2682119197245
1298 524.3446642967695
1300 547.6676105728902
1302 547.696903511356
1304 526.4308571345879
1306 526.8414433689991
1308 531.7586552877357
1310 542.8740037305652
1312 536.8145161956159
1314 533.8258289056204
1316 550.1672200205792
1318 559.4271216304955
1320 558.2084179977792
1322 559.1078064758115
1324 539.9020078236063
1326 537.2363964039815
1328 557.9789920407183
1330 543.513705537719
1332 542.9688430483158
1334 543.948959719892
1336 548.8555895753909
1338 556.0748140603929
1340 576.2972969882032
1342 580.7532026947811
1344 566.4494550520077
1346 551.5486403597907
1348 571.0482110050676
1350 586.1695854520569
1352 560.694325629671
1354 562.5655656438764
1356 559.7075357194163
1358 590.5415790470979
1360 574.6915895802183
1362 564.7372575235995
1364 597.0439848180871
1366 586.6821009960286
1368 567.9454958348044
1370 595.5240908062008
1372 577.6585141772565
1374 586.7289076805424
1376 579.2387105386391
1378 593.2932076024066
1380 590.8901644474028
1382 607.5972688846041
1384 590.7460442088963
1386 609.4738322466851
1388 601.2515915548162
1390 607.5839375693871
1392 594.1824790689076
1394 603.1964632234069
1396 623.7604636566942
1398 621.648050986723
1400 613.6482252346726
1402 599.4338476720079
1404 627.1812102921381
1406 605.7562459176473
1408 598.2030519704475
1410 614.0093614231525
1412 639.3665956831564
1414 605.4015582953042
1416 632.8225157167092
1418 618.9950893593408
1420 612.6806058389927
1422 646.1798421162717
1424 627.3333791122591
1426 650.7802556824183
1428 640.6060997736896
1430 626.1278692542722
1432 628.4812430301059
1434 650.941259905421
1436 650.7452193390177
1438 637.5312129965253
1440 660.7774746524207
1442 660.1592457450246
1444 651.5533438171141
1446 668.1325120458603
1448 640.9832764581905
1450 660.8730676703904
1452 648.1588113984889
1454 667.5036080686257
1456 674.4077167146098
1458 675.44886514807
1460 665.2311364490912
1462 653.9680235861919
1464 682.3537139613316
1466 680.1899642753787
1468 685.0476970033151
1470 688.5043706669243
1472 685.0480053722838
1474 656.164019884919
1476 694.2684965442915
1478 671.6387733734475
1480 673.3851570173496
1482 688.7173455104125
1484 667.3218991208826
1486 701.5403350392104
1488 702.7207256550728
1490 676.1034911405898
1492 677.5645611366688
1494 695.2747364384237
1496 690.7530952867281
1498 698.7066080617494
